0.1475121 0.0042393 0.0279149 0.8203337
0.1815275 0.0001022 0.0231790 0.7951913
0.1157811 0.0001020 0.0278837 0.8562332
0.1985816 0.0001022 0.0500134 0.7513028
0.0971032 0.0001020 0.0237758 0.8790190
0.1326632 0.0001020 0.0001020 0.8671327
0.0863932 0.0001019 0.0202630 0.8932419
0.0992258 0.0001019 0.0070514 0.8936209
0.0978408 0.0001020 0.0001020 0.9019552
0.0987257 0.0001021 0.0123160 0.8888562
0.0649177 0.0001021 0.0221747 0.9128056
0.0798022 0.0001020 0.0028933 0.9172025
0.1060448 0.0001020 0.0040228 0.8898305
0.0952091 0.0001021 0.0164684 0.8882204
0.2176161 0.0001023 0.0341721 0.7481095
0.2245143 0.0001022 0.0127247 0.7626588
0.0001015 0.5853424 0.0001015 0.4144545
0.0001009 0.4566877 0.0001009 0.5431104
0.0001013 0.4353112 0.0001013 0.5644863
0.0000994 0.4842188 0.0066484 0.5090334
0.0000991 0.5570071 0.0000991 0.4427947
0.0000994 0.4231682 0.0000994 0.5766330
0.0000999 0.5059513 0.0000999 0.4938488
0.0001006 0.5083587 0.0001006 0.4914402
0.6457203 0.0001019 0.0939664 0.2602115
0.6580163 0.0168143 0.0816359 0.2435336
0.6371153 0.0001020 0.0967712 0.2660115
0.7107949 0.0349926 0.0387069 0.2155055
0.7268313 0.0051968 0.0686979 0.1992740
0.7340261 0.0001018 0.1244351 0.1414370
0.6985731 0.0001016 0.1209124 0.1804128
0.7960433 0.0241313 0.0308276 0.1489978
0.6183271 0.0001020 0.1772373 0.2043336
0.4809191 0.0299588 0.2098140 0.2793080
0.5793627 0.0425428 0.1759700 0.2021243
0.6361670 0.0001019 0.1163305 0.2474006
0.6138322 0.0001022 0.1614509 0.2246148
0.5742863 0.0001022 0.2144208 0.2111907
0.5702528 0.0001021 0.1952743 0.2343707
0.5967926 0.0001022 0.1906002 0.2125050
0.5837637 0.1453831 0.0001016 0.2707516
0.7122397 0.1156242 0.0001017 0.1720344
0.5748725 0.0001023 0.2634267 0.1615984
0.4554765 0.0783172 0.2173515 0.2488548
0.4511423 0.0740362 0.1458537 0.3289678
0.7188923 0.0648977 0.0018541 0.2143559
0.6670574 0.1027607 0.0364086 0.1937733
0.4497487 0.0001024 0.5098560 0.0402929
0.2593287 0.4213160 0.2446193 0.0747360
0.4207239 0.1240205 0.2936426 0.1616130
0.4605094 0.2308075 0.1874296 0.1212535
0.4972650 0.3166240 0.0665663 0.1195447
0.4569781 0.1731065 0.2702146 0.0997008
0.5315753 0.1929649 0.0815262 0.1939336
0.5835556 0.1570709 0.1919210 0.0674525
0.3755115 0.2465505 0.2559690 0.1219690
0.5240633 0.3062798 0.1408887 0.0287681
0.5076564 0.2540717 0.1456431 0.0926288
0.8443479 0.0433609 0.0776279 0.0346633
0.6212803 0.2125029 0.0843800 0.0818368
0.9360767 0.0637230 0.0001001 0.0001001
0.9216127 0.0781917 0.0000978 0.0000978
0.9187907 0.0810139 0.0000977 0.0000977
0.4882337 0.0380672 0.3517867 0.1219123
0.4760488 0.0536653 0.3924540 0.0778320
0.5217255 0.0508347 0.2696810 0.1577588
0.4939189 0.1430030 0.3269992 0.0360789
0.4413832 0.0001024 0.5057885 0.0527258
0.5391133 0.1001479 0.3606362 0.0001025
0.6024687 0.0163123 0.1769678 0.2042513
0.5528121 0.1829137 0.2444435 0.0198308
0.5517985 0.3888555 0.0507825 0.0085635
0.4693965 0.3255692 0.1878081 0.0172263
0.4676166 0.1893961 0.1530910 0.1898963
0.5420642 0.2038931 0.1662312 0.0878114
0.6168751 0.2347998 0.0573197 0.0910053
0.5515558 0.3155230 0.0544991 0.0784221
0.2961015 0.3572658 0.3062717 0.0403610
0.4369909 0.2775661 0.1479291 0.1375139
0.1855858 0.6959403 0.1183735 0.0001004
0.1802110 0.7252375 0.0944513 0.0001001
0.7039762 0.2823831 0.0135391 0.0001016
0.4894961 0.2691021 0.1868655 0.0545363
0.6142252 0.2159287 0.0943607 0.0754853
0.3878632 0.4253349 0.1867004 0.0001016
0.5247912 0.3347952 0.1311493 0.0092643
0.0000989 0.9536064 0.0461958 0.0000989
0.4519731 0.2939120 0.2228888 0.0312261
0.2448335 0.4666397 0.2884240 0.0001028
0.0000978 0.0604216 0.9393828 0.0000978
0.0000978 0.0585569 0.9412475 0.0000978
0.3967257 0.1904728 0.3384106 0.0743909
0.1327925 0.7725390 0.0943893 0.0002792
0.4939020 0.2703587 0.2233854 0.0123539
0.0002844 0.8170093 0.1826054 0.0001009
