0.8737877 0.1315885 0.0975581 0.1187871 0.0993663 0.0947762 0.0982438 0.1029571 0.1007474 0.0926904 0.0980012 0.1024095 0.0896543 0.0898878 0.0829743 0.0849796 -0.0063718 0.0114926 0.0144130 0.0031929 0.0009232 0.0254906 0.0062027 0.0108921 0.0168322 0.0121967 0.0149150 0.0015280 0.0069068 -0.0018106 0.0092640 0.0028764 0.0072824 0.0121719 -0.0012553 0.0139849 0.0071996 0.0044916 0.0103268 0.0023519 0.0055341 -0.0027811 -0.0054183 -0.0044141 0.0123429 0.0067618 -0.0003513 -0.0219786 -0.0596152 -0.0217310 -0.0313101 -0.0341351 -0.0357230 -0.0149159 -0.0311970 -0.0348358 -0.0472252 -0.0364645 -0.0165205 -0.0296073 -0.0163739 -0.0307385 -0.0302269 -0.0162048 -0.0336671 -0.0126659 -0.0389652 -0.0216033 -0.0438262 -0.0006695 -0.0382596 -0.0523618 -0.0531655 -0.0172551 -0.0343634 -0.0310548 -0.0352185 -0.0571494 -0.0331916 -0.1061150 -0.1092608 -0.0464038 -0.0443643 -0.0284710 -0.0722578 -0.0553166 -0.1330233 -0.0491867 -0.0743043 -0.0810242 -0.0804354 -0.0393600 -0.0922636 -0.0449286 -0.1263096
0.1315885 0.8616232 0.0906788 0.1231970 0.0963615 0.0933408 0.0970449 0.0996281 0.0986618 0.0930077 0.0985592 0.0988599 0.0919963 0.0894814 0.0794269 0.0872050 -0.0193077 0.0065850 0.0082913 -0.0010458 -0.0096715 0.0158239 0.0004577 -0.0047905 0.0192548 0.0111883 0.0177749 0.0088926 0.0107705 0.0072418 0.0126423 0.0077886 0.0090135 0.0144895 0.0028216 0.0175156 0.0074758 0.0098134 0.0116486 0.0087427 0.0054977 0.0016645 -0.0033007 -0.0032286 0.0098904 0.0101241 -0.0023474 -0.0238098 -0.0612378 -0.0150707 -0.0323864 -0.0364852 -0.0331848 -0.0158177 -0.0302647 -0.0340638 -0.0490461 -0.0359966 -0.0104526 -0.0271966 -0.0132100 -0.0232745 -0.0232068 -0.0152025 -0.0276694 -0.0101202 -0.0351184 -0.0205240 -0.0421077 0.0030980 -0.0404097 -0.0556876 -0.0515850 -0.0196124 -0.0327487 -0.0251999 -0.0359018 -0.0586364 -0.0317696 -0.1140984 -0.1145798 -0.0457762 -0.0448665 -0.0313011 -0.0774593 -0.0528799 -0.1420420 -0.0456177 -0.0773441 -0.0806830 -0.0805468 -0.0374583 -0.1008860 -0.0421406 -0.1322300
0.0975581 0.0906788 0.8648164 0.0886636 0.1430686 0.1364836 0.1575735 0.1431605 0.1071816 0.1004219 0.1021532 0.1025802 0.1003470 0.0971507 0.0910424 0.0899320 -0.0124935 0.0064262 0.0153584 -0.0014237 -0.0050327 0.0200081 0.0040056 0.0004693 0.0163808 0.0105746 0.0208031 0.0098287 0.0071690 0.0053275 0.0150632 0.0003177 0.0143272 0.0149193 0.0013048 0.0209825 0.0097934 0.0045092 0.0131729 0.0113352 0.0091566 -0.0012635 -0.0035424 -0.0047981 0.0132189 0.0113518 -0.0025989 -0.0246934 -0.0649797 -0.0212947 -0.0302700 -0.0406960 -0.0336287 -0.0156499 -0.0337789 -0.0370522 -0.0488068 -0.0391027 -0.0189865 -0.0321719 -0.0164050 -0.0315371 -0.0291393 -0.0203963 -0.0361763 -0.0184903 -0.0411688 -0.0224568 -0.0487521 -0.0022861 -0.0432915 -0.0554735 -0.0572783 -0.0158993 -0.0307481 -0.0314433 -0.0406801 -0.0631911 -0.0332354 -0.1207333 -0.1255454 -0.0476536 -0.0438250 -0.0343166 -0.0824825 -0.0534308 -0.1477107 -0.0580449 -0.0833742 -0.0835490 -0.0834724 -0.0435591 -0.1048451 -0.0529425 -0.1390117
0.1187871 0.1231970 0.0886636 0.8753628 0.0903696 0.0873792 0.0902034 0.0958802 0.0935674 0.0848884 0.0921185 0.0895019 0.0844370 0.0836841 0.0783882 0.0812734 -0.0183845 0.0015651 0.0059602 -0.0082117 -0.0128990 0.0088285 -0.0035247 -0.0024091 0.0200473 0.0120536 0.0206779 0.0129270 0.0150117 0.0080828 0.0178775 0.0080993 0.0126934 0.0152854 0.0052302 0.0182987 0.0110294 0.0129321 0.0152206 0.0090208 0.0092171 0.0026119 0.0066213 -0.0015201 0.0138519 0.0103009 0.0019150 -0.0167967 -0.0586828 -0.0165739 -0.0261544 -0.0365419 -0.0311626 -0.0159015 -0.0237676 -0.0332122 -0.0465742 -0.0336345 -0.0086300 -0.0212417 -0.0114842 -0.0224357 -0.0206613 -0.0118750 -0.0232987 -0.0109763 -0.0378047 -0.0137985 -0.0403171 0.0063378 -0.0377044 -0.0506295 -0.0535322 -0.0145813 -0.0294669 -0.0254745 -0.0357772 -0.0557363 -0.0313577 -0.1129016 -0.1146951 -0.0428857 -0.0370505 -0.0273540 -0.0760153 -0.0530798 -0.1434371 -0.0445359 -0.0782565 -0.0759446 -0.0763948 -0.0346122 -0.1017806 -0.0432246 -0.1312113
0.0993663 0.0963615 0.1430686 0.0903696 0.8872924 0.1537446 0.1581201 0.1554306 0.1114742 0.1019221 0.1069768 0.1067228 0.1043647 0.1027762 0.0867628 0.0926767 -0.0112918 0.0142000 0.0161225 0.0044587 -0.0002663 0.0278164 0.0077400 0.0063134 0.0200198 0.0110805 0.0193030 0.0058126 0.0063536 0.0019147 0.0146804 0.0027647 0.0101331 0.0142118 -0.0025908 0.0186452 0.0066402 0.0061792 0.0142707 0.0069780 0.0132542 -0.0001641 -0.0059046 -0.0027948 0.0121165 0.0072028 -0.0023438 -0.0287873 -0.0629086 -0.0212652 -0.0354393 -0.0361511 -0.0360743 -0.0136451 -0.0347767 -0.0390701 -0.0505987 -0.0403158 -0.0204172 -0.0374444 -0.0195071 -0.0315328 -0.0315310 -0.0217236 -0.0324252 -0.0151870 -0.0436911 -0.0267987 -0.0482517 0.0021908 -0.0444887 -0.0578565 -0.0625673 -0.0152842 -0.0315139 -0.0317286 -0.0401619 -0.0640458 -0.0344678 -0.1240355 -0.1271376 -0.0487064 -0.0471085 -0.0374194 -0.0811395 -0.0548100 -0.1457983 -0.0566839 -0.0839939 -0.0874792 -0.0874539 -0.0429433 -0.1066582 -0.0553880 -0.1362114
0.0947762 0.0933408 0.1364836 0.0873792 0.1537446 0.8745593 0.1490085 0.1486316 0.1095822 0.0987936 0.1041941 0.1040844 0.0995427 0.0973469 0.0860215 0.0928748 -0.0098245 0.0120063 0.0127840 0.0031444 0.0020052 0.0261432 0.0094426 0.0063001 0.0182054 0.0117232 0.0188829 0.0093838 0.0096393 0.0034989 0.0103025 0.0008617 0.0118889 0.0134338 -0.0035156 0.0149635 0.0022774 0.0027585 0.0052534 0.0059362 0.0112683 -0.0002301 -0.0037995 -0.0035126 0.0126102 0.0087188 -0.0011340 -0.0322641 -0.0616975 -0.0237601 -0.0367644 -0.0351788 -0.0356027 -0.0152421 -0.0370291 -0.0348962 -0.0551837 -0.0413108 -0.0210789 -0.0340495 -0.0182230 -0.0339436 -0.0322604 -0.0195908 -0.0339117 -0.0146561 -0.0439608 -0.0293246 -0.0456476 -0.0020363 -0.0460658 -0.0575292 -0.0600419 -0.0155913 -0.0344093 -0.0315352 -0.0378604 -0.0645389 -0.0325914 -0.1180704 -0.1234548 -0.0481592 -0.0445347 -0.0353532 -0.0794511 -0.0518221 -0.1412832 -0.0559817 -0.0788410 -0.0898511 -0.0897030 -0.0417391 -0.1001974 -0.0548031 -0.1291274
0.0982438 0.0970449 0.1575735 0.0902034 0.1581201 0.1490085 0.8667716 0.1609434 0.1108252 0.1057039 0.1094132 0.1104050 0.1035433 0.1028035 0.0871284 0.0944197 -0.0158632 0.0109236 0.0175193 0.0064266 -0.0035799 0.0244048 0.0053299 0.0026248 0.0169885 0.0121770 0.0193933 0.0081288 0.0070465 0.0044503 0.0121613 0.0032711 0.0123582 0.0148631 0.0009976 0.0192831 0.0036742 0.0051927 0.0114305 0.0111645 0.0115042 0.0004539 -0.0055185 -0.0054181 0.0095061 0.0073382 -0.0044557 -0.0298278 -0.0650203 -0.0230428 -0.0352091 -0.0413541 -0.0375926 -0.0164786 -0.0403267 -0.0387245 -0.0503372 -0.0412319 -0.0224257 -0.0390819 -0.0211704 -0.0336560 -0.0338202 -0.0188545 -0.0330105 -0.0141112 -0.0422445 -0.0261328 -0.0522763 -0.0018378 -0.0478267 -0.0604907 -0.0612627 -0.0177660 -0.0329896 -0.0292238 -0.0399994 -0.0644128 -0.0359282 -0.1235216 -0.1280862 -0.0494883 -0.0452088 -0.0383824 -0.0836827 -0.0549517 -0.1519922 -0.0577716 -0.0879755 -0.0877479 -0.0898901 -0.0436448 -0.1090192 -0.0584719 -0.1441014
0.1029571 0.0996281 0.1431605 0.0958802 0.1554306 0.1486316 0.1609434 0.8810060 0.1161200 0.1067929 0.1117189 0.1161648 0.1037908 0.1051585 0.0937132 0.0959957 -0.0111159 0.0115873 0.0195027 0.0061085 -0.0000340 0.0260135 0.0083852 -0.0000917 0.0171117 0.0151684 0.0194226 0.0089196 0.0067418 -0.0004402 0.0129998 0.0030020 0.0120261 0.0147767 -0.0002307 0.0200335 0.0063812 0.0045507 0.0114343 0.0084741 0.0140186 -0.0010102 -0.0046105 -0.0031064 0.0108752 0.0123933 -0.0018995 -0.0276584 -0.0660875 -0.0219819 -0.0386995 -0.0358900 -0.0396840 -0.0156561 -0.0350432 -0.0397443 -0.0537260 -0.0453554 -0.0220463 -0.0348603 -0.0201110 -0.0345861 -0.0336231 -0.0225214 -0.0368295 -0.0135914 -0.0469274 -0.0279437 -0.0493491 0.0025719 -0.0469551 -0.0574492 -0.0613949 -0.0146056 -0.0347539 -0.0316133 -0.0392605 -0.0670852 -0.0373745 -0.1264740 -0.1297480 -0.0517853 -0.0465088 -0.0362581 -0.0818633 -0.0566820 -0.1521547 -0.0533952 -0.0856222 -0.0909721 -0.0918810 -0.0448004 -0.1095019 -0.0551984 -0.1387298
0.1007474 0.0986618 0.1071816 0.0935674 0.1114742 0.1095822 0.1108252 0.1161200 0.9132768 0.1426439 0.1561614 0.1456211 0.1446629 0.1400426 0.0977277 0.1035798 -0.0027173 0.0213948 0.0245541 0.0160873 0.0077328 0.0310973 0.0178765 0.0150264 0.0185186 0.0108215 0.0170861 0.0085771 0.0057125 0.0009516 0.0101268 0.0015518 0.0063892 0.0125747 -0.0041630 0.0163373 0.0055185 0.0034688 0.0063476 0.0032682 0.0116352 -0.0044410 -0.0082844 -0.0005842 0.0151341 0.0088885 -0.0003763 -0.0298129 -0.0609824 -0.0226814 -0.0325793 -0.0411284 -0.0403329 -0.0172511 -0.0316067 -0.0391624 -0.0550431 -0.0381576 -0.0252047 -0.0341397 -0.0225478 -0.0364857 -0.0355933 -0.0229762 -0.0361942 -0.0132015 -0.0450984 -0.0274057 -0.0501113 0.0006670 -0.0478321 -0.0581843 -0.0554846 -0.0182969 -0.0351880 -0.0349306 -0.0474342 -0.0641688 -0.0337191 -0.1210361 -0.1226891 -0.0508596 -0.0507956 -0.0350561 -0.0854791 -0.0580030 -0.1389541 -0.0540232 -0.0846345 -0.0972514 -0.0952958 -0.0446399 -0.1052996 -0.0545303 -0.1363637
0.0926904 0.0930077 0.1004219 0.0848884 0.1019221 0.0987936 0.1057039 0.1067929 0.1426439 0.8841847 0.1439639 0.1460499 0.1538019 0.1406328 0.0909708 0.0971305 -0.0110989 0.0163600 0.0160364 0.0102883 -0.0001047 0.0266251 0.0102010 0.0079533 0.0146138 0.0125522 0.0155247 0.0076646 0.0039099 -0.0001464 0.0055763 0.0001808 0.0080423 0.0126895 -0.0031385 0.0183828 0.0035097 0.0042729 0.0121422 0.0059661 0.0059785 -0.0046949 -0.0064510 -0.0008938 0.0131865 0.0069862 -0.0036723 -0.0265177 -0.0646832 -0.0207154 -0.0337883 -0.0364907 -0.0393871 -0.0138339 -0.0351024 -0.0357224 -0.0503610 -0.0391476 -0.0237404 -0.0321202 -0.0215623 -0.0340729 -0.0338595 -0.0242605 -0.0339476 -0.0144819 -0.0452646 -0.0255349 -0.0495060 -0.0031798 -0.0475543 -0.0566562 -0.0561001 -0.0202175 -0.0361324 -0.0297571 -0.0412344 -0.0640909 -0.0350328 -0.1167983 -0.1189151 -0.0498649 -0.0459922 -0.0329174 -0.0841681 -0.0541400 -0.1393381 -0.0544884 -0.0812901 -0.0911143 -0.0920524 -0.0422833 -0.1020370 -0.0541289 -0.1336216
0.0980012 0.0985592 0.1021532 0.0921185 0.1069768 0.1041941 0.1094132 0.1117189 0.1561614 0.1439639 0.9147474 0.1608652 0.1470903 0.1453972 0.0991049 0.1012715 -0.0020184 0.0207539 0.0277366 0.0157955 0.0110068 0.0335128 0.0205801 0.0130937 0.0152895 0.0080435 0.0147314 0.0092091 0.0050867 -0.0036745 0.0070893 -0.0021738 0.0065485 0.0113757 -0.0032245 0.0162866 0.0058038 0.0014699 0.0091878 0.0030541 0.0115744 -0.0053408 -0.0090327 -0.0024189 0.0126189 0.0084464 -0.0049627 -0.0324122 -0.0613460 -0.0243302 -0.0322349 -0.0380241 -0.0400887 -0.0161028 -0.0340186 -0.0398610 -0.0560981 -0.0366399 -0.0239502 -0.0329110 -0.0268310 -0.0411172 -0.0417402 -0.0234074 -0.0388459 -0.0169071 -0.0450212 -0.0303509 -0.0536234 -0.0045407 -0.0476659 -0.0580257 -0.0578748 -0.0198990 -0.0353382 -0.0349765 -0.0444075 -0.0640022 -0.0370690 -0.1164567 -0.1183793 -0.0526756 -0.0456883 -0.0357971 -0.0848027 -0.0578921 -0.1342183 -0.0547721 -0.0866457 -0.0928763 -0.0924990 -0.0416767 -0.1030077 -0.0537013 -0.1341461
0.1024095 0.0988599 0.1025802 0.0895019 0.1067228 0.1040844 0.1104050 0.1161648 0.1456211 0.1460499 0.1608652 0.8975918 0.1481975 0.1429096 0.0934041 0.1023639 -0.0077153 0.0205603 0.0221363 0.0111848 0.0033543 0.0309559 0.0184032 0.0109316 0.0131136 0.0073647 0.0135399 0.0052829 0.0036339 -0.0007825 0.0064626 -0.0020346 0.0060564 0.0121780 -0.0022704 0.0180991 0.0051849 0.0014107 0.0077896 0.0000176 0.0109447 -0.0061613 -0.0031939 -0.0039598 0.0163579 0.0054491 -0.0020895 -0.0318902 -0.0677195 -0.0241469 -0.0318840 -0.0379678 -0.0375929 -0.0127247 -0.0358954 -0.0403998 -0.0551398 -0.0342678 -0.0226958 -0.0382469 -0.0248346 -0.0376663 -0.0379878 -0.0265396 -0.0363152 -0.0170150 -0.0427812 -0.0298257 -0.0499205 -0.0012609 -0.0454529 -0.0589172 -0.0587391 -0.0248064 -0.0396335 -0.0326842 -0.0454558 -0.0665953 -0.0323839 -0.1172763 -0.1191096 -0.0518308 -0.0483678 -0.0383545 -0.0873278 -0.0579588 -0.1364051 -0.0539104 -0.0854044 -0.0951798 -0.0940610 -0.0459512 -0.1012675 -0.0530168 -0.1375196
0.0896543 0.0919963 0.1003470 0.0844370 0.1043647 0.0995427 0.1035433 0.1037908 0.1446629 0.1538019 0.1470903 0.1481975 0.8863593 0.1482053 0.0941121 0.0985154 -0.0141976 0.0152003 0.0181276 0.0059874 -0.0025785 0.0275200 0.0110500 0.0057403 0.0165851 0.0089865 0.0203001 0.0083390 0.0073196 0.0008912 0.0106131 0.0018489 0.0101834 0.0133083 -0.0048653 0.0192364 0.0079872 0.0059217 0.0113300 0.0033155 0.0067473 -0.0057102 -0.0079651 0.0024050 0.0120882 0.0060813 0.0002705 -0.0296554 -0.0642435 -0.0212246 -0.0359555 -0.0327387 -0.0346501 -0.0193264 -0.0322835 -0.0390058 -0.0531208 -0.0384125 -0.0186366 -0.0342407 -0.0198136 -0.0357708 -0.0338559 -0.0280519 -0.0329010 -0.0128601 -0.0447618 -0.0275447 -0.0489330 -0.0005241 -0.0459773 -0.0558728 -0.0594140 -0.0186003 -0.0353253 -0.0310070 -0.0426969 -0.0642275 -0.0321761 -0.1221743 -0.1210882 -0.0516674 -0.0485315 -0.0365835 -0.0865652 -0.0575468 -0.1419760 -0.0555103 -0.0849774 -0.0922444 -0.0926944 -0.0437184 -0.1056227 -0.0542511 -0.1365787
0.0898878 0.0894814 0.0971507 0.0836841 0.1027762 0.0973469 0.1028035 0.1051585 0.1400426 0.1406328 0.1453972 0.1429096 0.1482053 0.8869011 0.0928952 0.0895749 -0.0055705 0.0190994 0.0236577 0.0073566 0.0005997 0.0294283 0.0125362 0.0109364 0.0166746 0.0064232 0.0147286 0.0081120 0.0060433 -0.0014729 0.0053618 -0.0005121 0.0041608 0.0122748 -0.0025417 0.0174719 0.0070441 0.0025958 0.0064791 0.0074964 0.0099144 -0.0048600 -0.0048585 -0.0004148 0.0116007 0.0095432 -0.0016673 -0.0266357 -0.0625890 -0.0228231 -0.0336906 -0.0399287 -0.0384812 -0.0195577 -0.0325892 -0.0352808 -0.0551346 -0.0386543 -0.0215241 -0.0326012 -0.0216895 -0.0374250 -0.0366865 -0.0211958 -0.0359705 -0.0133567 -0.0430247 -0.0251032 -0.0469409 -0.0034478 -0.0457178 -0.0579395 -0.0564814 -0.0177721 -0.0349221 -0.0292220 -0.0401465 -0.0619074 -0.0338727 -0.1185734 -0.1158531 -0.0526888 -0.0447208 -0.0341591 -0.0863500 -0.0533791 -0.1379650 -0.0524351 -0.0861930 -0.0907539 -0.0902241 -0.0398625 -0.1035910 -0.0454925 -0.1338193
0.0829743 0.0794269 0.0910424 0.0783882 0.0867628 0.0860215 0.0871284 0.0937132 0.0977277 0.0909708 0.0991049 0.0934041 0.0941121 0.0928952 0.8695975 0.0857518 -0.0160433 0.0047714 0.0091937 -0.0080557 -0.0126375 0.0175283 -0.0016603 -0.0047011 0.0179706 0.0136242 0.0226223 0.0125958 0.0111689 0.0088404 0.0188167 0.0056217 0.0134066 0.0151122 0.0054064 0.0195213 0.0095363 0.0128020 0.0137784 0.0134424 0.0044781 0.0019093 -0.0004534 0.0022502 0.0136122 0.0140456 -0.0022904 -0.0150264 -0.0577690 -0.0153346 -0.0260970 -0.0341969 -0.0294433 -0.0115733 -0.0237402 -0.0312583 -0.0438473 -0.0289516 -0.0090083 -0.0252563 -0.0115293 -0.0231059 -0.0235885 -0.0193104 -0.0274778 -0.0153096 -0.0339800 -0.0143980 -0.0421258 0.0030338 -0.0349122 -0.0488590 -0.0493184 -0.0196564 -0.0296894 -0.0284383 -0.0407563 -0.0557258 -0.0327311 -0.1083966 -0.1135318 -0.0379869 -0.0330860 -0.0272658 -0.0725727 -0.0477942 -0.1382942 -0.0469102 -0.0758113 -0.0777684 -0.0764712 -0.0373053 -0.0968432 -0.0461670 -0.1275408
0.0849796 0.0872050 0.0899320 0.0812734 0.0926767 0.0928748 0.0944197 0.0959957 0.1035798 0.0971305 0.1012715 0.1023639 0.0985154 0.0895749 0.0857518 0.8797435 -0.0208738 0.0022148 0.0067344 -0.0001458 -0.0086485 0.0192375 0.0001637 -0.0012977 0.0190240 0.0185927 0.0204716 0.0118754 0.0126474 0.0084928 0.0179611 0.0117404 0.0196047 0.0143230 0.0067393 0.0227623 0.0105536 0.0114486 0.0132781 0.0075187 0.0098301 0.0021390 0.0050917 -0.0012361 0.0118761 0.0137225 0.0035103 -0.0211054 -0.0580381 -0.0185446 -0.0263110 -0.0360474 -0.0323276 -0.0137427 -0.0301667 -0.0343027 -0.0473467 -0.0295712 -0.0141342 -0.0252471 -0.0120585 -0.0250241 -0.0243100 -0.0179647 -0.0251059 -0.0104578 -0.0354366 -0.0192112 -0.0445213 0.0021805 -0.0358933 -0.0522350 -0.0518573 -0.0131103 -0.0305570 -0.0239914 -0.0367032 -0.0604037 -0.0300153 -0.1095013 -0.1129311 -0.0405608 -0.0407932 -0.0296028 -0.0740207 -0.0520477 -0.1398968 -0.0471999 -0.0738643 -0.0824377 -0.0807194 -0.0357152 -0.0793821 -0.0513621 -0.1322360
-0.0063718 -0.0193077 -0.0124935 -0.0183845 -0.0112918 -0.0098245 -0.0158632 -0.0111159 -0.0027173 -0.0110989 -0.0020184 -0.0077153 -0.0141976 -0.0055705 -0.0160433 -0.0208738 1.1487889 0.1141538 0.1135244 0.1547572 0.1657772 0.1164082 0.1385938 0.1527699 -0.0706314 -0.0665218 -0.0704175 -0.0573002 -0.0758583 -0.0826678 -0.0926524 -0.0847680 -0.0851561 -0.0468061 -0.0466425 -0.0770621 -0.0574332 -0.0646086 -0.0690544 -0.0678181 -0.0190033 -0.0408481 -0.0709674 -0.0386186 -0.0377942 -0.0567488 -0.0388823 -0.0842811 0.0615176 -0.0308899 -0.0059349 0.0176407 -0.0308894 -0.0104776 -0.0181927 0.0043618 0.0141683 -0.0047712 -0.0822311 -0.0208769 -0.0833795 -0.0928229 -0.0920417 -0.0492036 -0.0443203 -0.0448722 -0.0331766 -0.0807571 -0.0387220 -0.0594931 -0.0276086 0.0211421 0.0166408 -0.0098703 -0.0170124 -0.0242891 0.0023680 0.0240400 0.0104096 0.1108024 0.1188150 -0.0169807 0.0050782 -0.0209030 0.0458993 0.0039720 0.2035543 0.0086476 0.0665918 -0.0091278 -0.0086495 -0.0256659 0.1360391 0.0068908 0.1620335
0.0114926 0.0065850 0.0064262 0.0015651 0.0142000 0.0120063 0.0109236 0.0115873 0.0213948 0.0163600 0.0207539 0.0205603 0.0152003 0.0190994 0.0047714 0.0022148 0.1141538 1.0716532 0.1110109 0.1279898 0.1319152 0.1159160 0.1245526 0.1172654 -0.0518099 -0.0566399 -0.0546412 -0.0522237 -0.0558363 -0.0719817 -0.0737927 -0.0691456 -0.0644826 -0.0371431 -0.0490761 -0.0630823 -0.0506402 -0.0597709 -0.0578002 -0.0602941 -0.0169249 -0.0479944 -0.0554453 -0.0297796 -0.0212012 -0.0511119 -0.0419907 -0.0734393 0.0273794 -0.0306827 -0.0092543 -0.0125436 -0.0290214 -0.0076969 -0.0400355 -0.0073252 -0.0031734 -0.0060459 -0.0688299 -0.0236710 -0.0796741 -0.0874264 -0.0869079 -0.0445215 -0.0400139 -0.0444339 -0.0341076 -0.0692346 -0.0502219 -0.0496544 -0.0336926 0.0056498 0.0001842 -0.0149020 -0.0230998 -0.0099007 -0.0096336 0.0181132 0.0028494 0.0637885 0.0680331 -0.0229785 -0.0022888 -0.0253225 0.0189676 0.0057556 0.1399309 -0.0123027 0.0310927 -0.0160821 -0.0149188 -0.0162243 0.0986976 -0.0168630 0.1143737
0.0144130 0.0082913 0.0153584 0.0059602 0.0161225 0.0127840 0.0175193 0.0195027 0.0245541 0.0160364 0.0277366 0.0221363 0.0181276 0.0236577 0.0091937 0.0067344 0.1135244 0.1110109 1.0658493 0.1257363 0.1380038 0.1109591 0.1189632 0.1144302 -0.0511595 -0.0460354 -0.0448451 -0.0504958 -0.0536759 -0.0701737 -0.0656551 -0.0637282 -0.0622517 -0.0347989 -0.0472467 -0.0507036 -0.0523562 -0.0585772 -0.0555455 -0.0528847 -0.0221988 -0.0422671 -0.0576343 -0.0296774 -0.0113593 -0.0449905 -0.0409226 -0.0682705 0.0329927 -0.0244765 -0.0096622 -0.0096768 -0.0213301 -0.0127085 -0.0327928 0.0015201 -0.0148294 -0.0143249 -0.0676460 -0.0186536 -0.0788387 -0.0797634 -0.0806047 -0.0407982 -0.0439981 -0.0454361 -0.0351064 -0.0640462 -0.0572062 -0.0479406 -0.0389765 -0.0076923 -0.0079235 -0.0136665 -0.0246031 -0.0189564 -0.0086788 0.0052226 -0.0045285 0.0609146 0.0733453 -0.0294183 -0.0022109 -0.0341266 0.0116527 -0.0029806 0.1243836 -0.0100618 0.0101471 -0.0183263 -0.0197285 -0.0192932 0.0884527 -0.0174316 0.0926636
0.0031929 -0.0010458 -0.0014237 -0.0082117 0.0044587 0.0031444 0.0064266 0.0061085 0.0160873 0.0102883 0.0157955 0.0111848 0.0059874 0.0073566 -0.0080557 -0.0001458 0.1547572 0.1279898 0.1257363 1.1385944 0.1508432 0.1412888 0.1647548 0.1373316 -0.0630761 -0.0603303 -0.0649442 -0.0615685 -0.0723308 -0.0838761 -0.0880813 -0.0785287 -0.0759640 -0.0452405 -0.0544044 -0.0708736 -0.0507841 -0.0695910 -0.0646701 -0.0679402 -0.0337480 -0.0540899 -0.0720871 -0.0367373 -0.0295614 -0.0658456 -0.0558250 -0.0746493 0.0467545 -0.0225801 -0.0020893 0.0095143 -0.0136623 -0.0143621 -0.0363994 -0.0152814 -0.0051629 -0.0025067 -0.0788355 -0.0145871 -0.0871722 -0.0935658 -0.0925079 -0.0547691 -0.0436910 -0.0516515 -0.0348647 -0.0714599 -0.0583275 -0.0534112 -0.0398584 0.0021219 0.0029673 0.0002498 -0.0161843 -0.0297049 -0.0072861 0.0167286 -0.0040737 0.0889878 0.0748911 -0.0306043 -0.0228085 -0.0171963 0.0124790 -0.0020309 0.1802048 0.0021864 0.0507838 -0.0037384 -0.0033026 -0.0145517 0.1243869 -0.0316866 0.1397772
0.0009232 -0.0096715 -0.0050327 -0.0128990 -0.0002663 0.0020052 -0.0035799 -0.0000340 0.0077328 -0.0001047 0.0110068 0.0033543 -0.0025785 0.0005997 -0.0126375 -0.0086485 0.1657772 0.1319152 0.1380038 0.1508432 1.1911260 0.1458468 0.1607747 0.1579109 -0.0721777 -0.0642633 -0.0636122 -0.0685549 -0.0777077 -0.0988237 -0.0905452 -0.0874545 -0.0877360 -0.0504346 -0.0592223 -0.0801397 -0.0739009 -0.0739969 -0.0746105 -0.0709761 -0.0236164 -0.0544691 -0.0784698 -0.0408468 -0.0313517 -0.0659168 -0.0508990 -0.0968827 0.0629359 -0.0254208 -0.0098120 0.0211130 -0.0155249 -0.0230388 -0.0437353 -0.0008865 0.0017899 -0.0155724 -0.0927954 -0.0286613 -0.0976426 -0.0970469 -0.0967911 -0.0478913 -0.0496385 -0.0574716 -0.0358642 -0.0954828 -0.0517238 -0.0609097 -0.0288374 0.0169053 0.0095451 -0.0105056 -0.0187180 -0.0356323 0.0016302 0.0414007 -0.0012324 0.1069217 0.1146632 -0.0281741 -0.0065708 -0.0155011 0.0303364 -0.0036804 0.2131619 0.0069674 0.0668539 -0.0055971 -0.0066982 -0.0103051 0.1492068 0.0053188 0.1623996
0.0254906 0.0158239 0.0200081 0.0088285 0.0278164 0.0261432 0.0244048 0.0260135 0.0310973 0.0266251 0.0335128 0.0309559 0.0275200 0.0294283 0.0175283 0.0192375 0.1164082 0.1159160 0.1109591 0.1412888 0.1458468 1.0908133 0.1388853 0.1379188 -0.0592558 -0.0466729 -0.0540536 -0.0477910 -0.0654685 -0.0786124 -0.0752380 -0.0699897 -0.0681867 -0.0380236 -0.0461551 -0.0585745 -0.0560405 -0.0574550 -0.0628639 -0.0570761 -0.0269923 -0.0531491 -0.0624340 -0.0323498 -0.0251794 -0.0569182 -0.0477038 -0.0773609 0.0343543 -0.0327435 -0.0072764 0.0032828 -0.0132368 -0.0192328 -0.0460685 -0.0139003 -0.0183438 -0.0070081 -0.0661487 -0.0188036 -0.0886878 -0.0844205 -0.0842385 -0.0520075 -0.0591083 -0.0506254 -0.0441041 -0.0747107 -0.0580257 -0.0488110 -0.0459264 -0.0068681 -0.0096422 -0.0145117 -0.0263755 -0.0278935 -0.0098832 0.0214912 0.0149147 0.0617794 0.0562304 -0.0376012 -0.0215461 -0.0195051 0.0032389 -0.0058776 0.1296038 -0.0105440 0.0219741 -0.0190936 -0.0185871 -0.0222403 0.0932076 -0.0247383 0.0999711
0.0062027 0.0004577 0.0040056 -0.0035247 0.0077400 0.0094426 0.0053299 0.0083852 0.0178765 0.0102010 0.0205801 0.0184032 0.0110500 0.0125362 -0.0016603 0.0001637 0.1385938 0.1245526 0.1189632 0.1647548 0.1607747 0.1388853 1.1293544 0.1449365 -0.0656267 -0.0638086 -0.0649492 -0.0626359 -0.0711468 -0.0844782 -0.0791845 -0.0753411 -0.0752153 -0.0438818 -0.0549885 -0.0759512 -0.0661588 -0.0679451 -0.0724854 -0.0671767 -0.0215329 -0.0495825 -0.0686620 -0.0336366 -0.0319797 -0.0579434 -0.0509688 -0.0826676 0.0386312 -0.0235166 -0.0007359 0.0090389 -0.0197696 -0.0142439 -0.0395731 -0.0036566 -0.0127353 0.0103190 -0.0723147 -0.0198265 -0.0926702 -0.0909612 -0.0913816 -0.0578011 -0.0533190 -0.0467182 -0.0398648 -0.0799581 -0.0535217 -0.0544239 -0.0417693 0.0064367 -0.0055216 -0.0032285 -0.0266594 -0.0308598 -0.0020556 0.0177095 0.0066885 0.0951797 0.0869640 -0.0273655 -0.0120288 -0.0150237 0.0260191 0.0006376 0.1723565 0.0099822 0.0534838 -0.0132101 -0.0125623 -0.0196098 0.1212206 -0.0163066 0.1440366
0.0108921 -0.0047905 0.0004693 -0.0024091 0.0063134 0.0063001 0.0026248 -0.0000917 0.0150264 0.0079533 0.0130937 0.0109316 0.0057403 0.0109364 -0.0047011 -0.0012977 0.1527699 0.1172654 0.1144302 0.1373316 0.1579109 0.1379188 0.1449365 1.1175275 -0.0601280 -0.0487889 -0.0615431 -0.0521317 -0.0645693 -0.0792089 -0.0810445 -0.0670271 -0.0790370 -0.0424951 -0.0570775 -0.0662952 -0.0571546 -0.0617929 -0.0634690 -0.0653479 -0.0192393 -0.0493893 -0.0665322 -0.0328772 -0.0227619 -0.0544754 -0.0411362 -0.0864854 0.0347746 -0.0278212 -0.0014105 0.0156645 -0.0266063 -0.0126474 -0.0257231 -0.0071523 -0.0032156 -0.0069259 -0.0762028 -0.0318771 -0.0819073 -0.0864437 -0.0868337 -0.0561825 -0.0494300 -0.0531853 -0.0373425 -0.0828129 -0.0460179 -0.0465628 -0.0313083 0.0111551 0.0066082 -0.0153172 -0.0252393 -0.0212661 -0.0020988 0.0247626 -0.0056086 0.0836075 0.0754973 -0.0302027 -0.0120517 -0.0260580 0.0305995 -0.0066513 0.1676425 -0.0070993 0.0326171 -0.0031025 -0.0045566 -0.0227964 0.1118458 -0.0099843 0.1275774
0.0168322 0.0192548 0.0163808 0.0200473 0.0200198 0.0182054 0.0169885 0.0171117 0.0185186 0.0146138 0.0152895 0.0131136 0.0165851 0.0166746 0.0179706 0.0190240 -0.0706314 -0.0518099 -0.0511595 -0.0630761 -0.0721777 -0.0592558 -0.0656267 -0.0601280 0.8430412 0.0294784 0.0366294 0.0498007 0.0647357 0.0776903 0.0759732 0.0531032 0.0343274 0.0244756 0.0215067 0.0355574 0.0235203 0.0271583 0.0211564 0.0298934 0.0051391 0.0146412 0.0247333 0.0091487 0.0143973 0.0274784 0.0121141 0.0188791 -0.0465609 -0.0071021 -0.0178347 -0.0218190 -0.0157509 -0.0049794 -0.0080410 -0.0147835 -0.0191361 -0.0186991 0.0190997 -0.0067316 0.0199009 0.0149078 0.0168993 0.0111727 0.0041555 0.0138059 -0.0041180 0.0162844 0.0055631 0.0242478 -0.0061142 -0.0287999 -0.0306571 -0.0092085 -0.0107761 -0.0032093 -0.0227357 -0.0368932 -0.0244971 -0.0807213 -0.0948720 -0.0085497 -0.0103654 -0.0037465 -0.0483250 -0.0264437 -0.1354347 -0.0198185 -0.0563106 -0.0360804 -0.0371560 -0.0095328 -0.0996556 -0.0164313 -0.1167475
0.0121967 0.0111883 0.0105746 0.0120536 0.0110805 0.0117232 0.0121770 0.0151684 0.0108215 0.0125522 0.0080435 0.0073647 0.0089865 0.0064232 0.0136242 0.0185927 -0.0665218 -0.0566399 -0.0460354 -0.0603303 -0.0642633 -0.0466729 -0.0638086 -0.0487889 0.0294784 0.8535322 0.0695866 0.0199532 0.0395702 0.0307498 0.0409821 0.0314131 0.0314781 0.0217909 0.0134044 0.0338832 0.0207479 0.0235023 0.0236133 0.0291558 0.0037572 0.0165267 0.0191411 0.0025882 0.0067448 0.0249338 0.0138080 0.0135309 -0.0392931 0.0022384 -0.0084476 -0.0188106 -0.0005700 0.0016911 0.0069955 -0.0176326 -0.0150190 -0.0109684 0.0215369 -0.0013208 0.0339977 0.0254414 0.0259839 0.0075106 0.0064146 0.0101483 -0.0073230 0.0134912 -0.0046630 0.0142241 -0.0078117 -0.0274483 -0.0161678 -0.0052748 -0.0021253 -0.0084466 -0.0161020 -0.0370308 -0.0147151 -0.0658106 -0.0753610 -0.0012262 -0.0154514 -0.0006040 -0.0353887 -0.0138216 -0.1287320 -0.0157414 -0.0469555 -0.0296933 -0.0278628 -0.0042826 -0.0809113 -0.0194005 -0.1010177
0.0149150 0.0177749 0.0208031 0.0206779 0.0193030 0.0188829 0.0193933 0.0194226 0.0170861 0.0155247 0.0147314 0.0135399 0.0203001 0.0147286 0.0226223 0.0204716 -0.0704175 -0.0546412 -0.0448451 -0.0649442 -0.0636122 -0.0540536 -0.0649492 -0.0615431 0.0366294 0.0695866 0.8504431 0.0300804 0.0357326 0.0413898 0.0412586 0.0402350 0.0333582 0.0232297 0.0180953 0.0286078 0.0259390 0.0230709 0.0253723 0.0323124 0.0045868 0.0178647 0.0229771 0.0102351 0.0103278 0.0203998 0.0145513 0.0190095 -0.0467772 -0.0020021 -0.0204652 -0.0168648 -0.0122327 -0.0074334 -0.0033488 -0.0216133 -0.0192483 -0.0083435 0.0173074 0.0036421 0.0273755 0.0217131 0.0208772 0.0177318 0.0098949 0.0050297 -0.0030933 0.0162134 0.0009971 0.0209307 -0.0012630 -0.0306410 -0.0295947 -0.0056994 -0.0033366 -0.0026439 -0.0207630 -0.0374055 -0.0193435 -0.0847991 -0.0917165 -0.0058783 -0.0114830 -0.0049310 -0.0387911 -0.0212339 -0.1323134 -0.0236264 -0.0502258 -0.0367951 -0.0354541 -0.0078872 -0.0918078 -0.0144600 -0.1081663
0.0015280 0.0088926 0.0098287 0.0129270 0.0058126 0.0093838 0.0081288 0.0089196 0.0085771 0.0076646 0.0092091 0.0052829 0.0083390 0.0081120 0.0125958 0.0118754 -0.0573002 -0.0522237 -0.0504958 -0.0615685 -0.0685549 -0.0477910 -0.0626359 -0.0521317 0.0498007 0.0199532 0.0300804 0.8630401 0.0658018 0.0489057 0.0436639 0.0566275 0.0170484 0.0208157 0.0105246 0.0275644 0.0242819 0.0214890 0.0220101 0.0129586 0.0162923 0.0165741 0.0219002 0.0066444 0.0060643 0.0309432 0.0291861 0.0211347 -0.0434414 -0.0068073 -0.0023810 -0.0125629 -0.0024847 0.0107962 0.0034196 -0.0238207 -0.0115916 -0.0144354 0.0210044 -0.0051275 0.0259040 0.0240059 0.0228259 0.0106071 0.0060757 0.0065541 -0.0124962 0.0201990 0.0000423 0.0197385 -0.0047368 -0.0182868 -0.0096874 -0.0089124 -0.0079745 -0.0026626 -0.0181522 -0.0354983 -0.0194635 -0.0724708 -0.0726695 -0.0062386 -0.0108229 -0.0062396 -0.0401111 -0.0187849 -0.1146937 -0.0188798 -0.0573936 -0.0329405 -0.0319165 -0.0157508 -0.0871459 -0.0168200 -0.0977321
0.0069068 0.0107705 0.0071690 0.0150117 0.0063536 0.0096393 0.0070465 0.0067418 0.0057125 0.0039099 0.0050867 0.0036339 0.0073196 0.0060433 0.0111689 0.0126474 -0.0758583 -0.0558363 -0.0536759 -0.0723308 -0.0777077 -0.0654685 -0.0711468 -0.0645693 0.0647357 0.0395702 0.0357326 0.0658018 0.8599283 0.0625560 0.0546990 0.0716524 0.0270152 0.0238695 0.0148541 0.0295566 0.0228352 0.0292700 0.0260543 0.0219440 0.0095288 0.0070489 0.0237612 0.0061237 0.0065710 0.0233092 0.0127478 0.0199264 -0.0303516 -0.0040189 -0.0082547 -0.0276607 -0.0000936 0.0062310 0.0003143 -0.0184153 -0.0125932 -0.0061100 0.0242072 -0.0020934 0.0344187 0.0297762 0.0310341 0.0189594 0.0069303 0.0121553 -0.0065688 0.0186873 -0.0012188 0.0237818 -0.0027633 -0.0210442 -0.0201407 -0.0057083 -0.0070320 -0.0037985 -0.0158011 -0.0372735 -0.0146474 -0.0723780 -0.0772724 -0.0014982 -0.0150810 -0.0010327 -0.0404000 -0.0268855 -0.1285895 -0.0236194 -0.0479133 -0.0284426 -0.0290804 -0.0121145 -0.0920569 -0.0178583 -0.1039877
-0.0018106 0.0072418 0.0053275 0.0080828 0.0019147 0.0034989 0.0044503 -0.0004402 0.0009516 -0.0001464 -0.0036745 -0.0007825 0.0008912 -0.0014729 0.0088404 0.0084928 -0.0826678 -0.0719817 -0.0701737 -0.0838761 -0.0988237 -0.0786124 -0.0844782 -0.0792089 0.0776903 0.0307498 0.0413898 0.0489057 0.0625560 0.8616132 0.0780414 0.0592826 0.0269418 0.0269900 0.0223369 0.0350557 0.0297671 0.0417935 0.0256245 0.0360519 0.0046896 0.0202246 0.0346525 0.0129961 0.0130447 0.0275513 0.0219958 0.0384678 -0.0430294 -0.0035699 -0.0133895 -0.0150119 -0.0020115 0.0007780 0.0107532 -0.0176805 -0.0178948 -0.0105130 0.0239953 -0.0022880 0.0423691 0.0384395 0.0380929 0.0255035 0.0096905 0.0174839 0.0021954 0.0374069 0.0163323 0.0320102 0.0057042 -0.0265725 -0.0156658 -0.0113553 -0.0092380 0.0108956 -0.0210732 -0.0347349 -0.0194492 -0.0815737 -0.0844843 0.0046688 -0.0056830 -0.0046771 -0.0357236 -0.0160217 -0.1407601 -0.0171688 -0.0544278 -0.0274508 -0.0264071 -0.0083175 -0.0984833 -0.0122254 -0.1155326
0.0092640 0.0126423 0.0150632 0.0178775 0.0146804 0.0103025 0.0121613 0.0129998 0.0101268 0.0055763 0.0070893 0.0064626 0.0106131 0.0053618 0.0188167 0.0179611 -0.0926524 -0.0737927 -0.0656551 -0.0880813 -0.0905452 -0.0752380 -0.0791845 -0.0810445 0.0759732 0.0409821 0.0412586 0.0436639 0.0546990 0.0780414 0.8471873 0.0553044 0.0359724 0.0297961 0.0230317 0.0439863 0.0344486 0.0378954 0.0368564 0.0365146 0.0085783 0.0184347 0.0376215 0.0133865 0.0168074 0.0367903 0.0203310 0.0346853 -0.0567624 0.0030690 -0.0130985 -0.0132195 -0.0032945 0.0005469 0.0064059 -0.0151584 -0.0232892 -0.0151742 0.0390955 -0.0012530 0.0355833 0.0321707 0.0331200 0.0140534 0.0126524 0.0147359 -0.0028994 0.0331781 0.0107943 0.0356532 0.0000110 -0.0326231 -0.0224573 -0.0040924 -0.0018785 -0.0028125 -0.0211900 -0.0412254 -0.0228848 -0.0893835 -0.0999922 -0.0040039 -0.0146333 0.0012630 -0.0490756 -0.0246574 -0.1502809 -0.0209623 -0.0593077 -0.0301896 -0.0308046 -0.0092655 -0.1147066 -0.0074590 -0.1285161
0.0028764 0.0077886 0.0003177 0.0080993 0.0027647 0.0008617 0.0032711 0.0030020 0.0015518 0.0001808 -0.0021738 -0.0020346 0.0018489 -0.0005121 0.0056217 0.0117404 -0.0847680 -0.0691456 -0.0637282 -0.0785287 -0.0874545 -0.0699897 -0.0753411 -0.0670271 0.0531032 0.0314131 0.0402350 0.0566275 0.0716524 0.0592826 0.0553044 0.8650414 0.0350785 0.0242347 0.0127231 0.0362986 0.0265709 0.0305944 0.0298808 0.0236440 0.0033668 0.0152225 0.0240129 0.0104682 0.0074801 0.0296683 0.0174073 0.0242790 -0.0419597 0.0001528 -0.0134658 -0.0122072 -0.0074243 0.0062627 0.0057488 -0.0127385 -0.0137955 -0.0036704 0.0216849 0.0043176 0.0361346 0.0396467 0.0396750 0.0128183 0.0084911 0.0120089 0.0076622 0.0235716 0.0108263 0.0237422 0.0102681 -0.0197290 -0.0172829 -0.0095058 -0.0085122 0.0097276 -0.0123428 -0.0325183 -0.0219747 -0.0676959 -0.0761390 -0.0002301 -0.0145220 -0.0041759 -0.0347737 -0.0215768 -0.1223102 -0.0226126 -0.0426312 -0.0334456 -0.0339808 -0.0092339 -0.0855405 -0.0044727 -0.1016503
0.0072824 0.0090135 0.0143272 0.0126934 0.0101331 0.0118889 0.0123582 0.0120261 0.0063892 0.0080423 0.0065485 0.0060564 0.0101834 0.0041608 0.0134066 0.0196047 -0.0851561 -0.0644826 -0.0622517 -0.0759640 -0.0877360 -0.0681867 -0.0752153 -0.0790370 0.0343274 0.0314781 0.0333582 0.0170484 0.0270152 0.0269418 0.0359724 0.0350785 0.8392408 0.0256362 0.0277867 0.0468665 0.0289003 0.0412441 0.0401699 0.0417628 0.0091946 0.0229490 0.0337108 0.0130422 0.0159266 0.0236760 0.0133448 0.0329858 -0.0437366 0.0095148 -0.0096696 -0.0214115 -0.0031342 -0.0001647 0.0028089 -0.0150639 -0.0146113 -0.0115096 0.0351550 -0.0056671 0.0333193 0.0320639 0.0326524 0.0187847 0.0133442 0.0150333 0.0037167 0.0295023 0.0061201 0.0263851 0.0005742 -0.0247695 -0.0236143 -0.0016822 -0.0029556 -0.0011423 -0.0176818 -0.0349103 -0.0204949 -0.0787405 -0.0803614 -0.0047807 -0.0111196 -0.0022928 -0.0394765 -0.0140786 -0.1409201 -0.0138055 -0.0491709 -0.0246287 -0.0261771 -0.0090507 -0.1023062 -0.0176361 -0.1038035
0.0121719 0.0144895 0.0149193 0.0152854 0.0142118 0.0134338 0.0148631 0.0147767 0.0125747 0.0126895 0.0113757 0.0121780 0.0133083 0.0122748 0.0151122 0.0143230 -0.0468061 -0.0371431 -0.0347989 -0.0452405 -0.0504346 -0.0380236 -0.0438818 -0.0424951 0.0244756 0.0217909 0.0232297 0.0208157 0.0238695 0.0269900 0.0297961 0.0242347 0.0256362 0.9499444 0.0165034 0.0257064 0.0208473 0.0226208 0.0227950 0.0224233 0.0090142 0.0144727 0.0217773 0.0092472 0.0102293 0.0194840 0.0143263 0.0235267 -0.0274403 0.0034653 -0.0036153 -0.0098493 0.0003531 0.0018723 0.0049916 -0.0084044 -0.0091647 -0.0051186 0.0236036 0.0013827 0.0264920 0.0249953 0.0251581 0.0117874 0.0098389 0.0123543 0.0021523 0.0232885 0.0063461 0.0180814 0.0017014 -0.0146760 -0.0124528 0.0001433 0.0007117 0.0011801 -0.0081515 -0.0213384 -0.0082013 -0.0541032 -0.0572232 -0.0004580 -0.0063208 0.0022851 -0.0241193 -0.0112797 -0.0897892 -0.0093243 -0.0323383 -0.0150643 -0.0149255 -0.0031858 -0.0615204 -0.0074839 -0.0728413
-0.0012553 0.0028216 0.0013048 0.0052302 -0.0025908 -0.0035156 0.0009976 -0.0002307 -0.0041630 -0.0031385 -0.0032245 -0.0022704 -0.0048653 -0.0025417 0.0054064 0.0067393 -0.0466425 -0.0490761 -0.0472467 -0.0544044 -0.0592223 -0.0461551 -0.0549885 -0.0570775 0.0215067 0.0134044 0.0180953 0.0105246 0.0148541 0.0223369 0.0230317 0.0127231 0.0277867 0.0165034 0.8779504 0.0265871 0.0226555 0.0227606 0.0149105 0.0226796 -0.0009353 0.0043888 0.0224968 -0.0048671 0.0040172 0.0086677 0.0072390 0.0178224 -0.0249318 -0.0013370 -0.0027755 -0.0155329 0.0000381 0.0003102 0.0011551 -0.0108231 -0.0003195 0.0026971 0.0185328 0.0034546 0.0192599 0.0157453 0.0154847 0.0102709 0.0048490 0.0092244 -0.0019742 0.0179997 0.0040111 0.0194956 0.0020027 -0.0120914 -0.0181616 -0.0034977 -0.0042332 0.0005471 -0.0041370 -0.0165272 -0.0031133 -0.0521199 -0.0531054 0.0019399 0.0020852 0.0054379 -0.0169723 -0.0110200 -0.0875626 -0.0124703 -0.0229681 -0.0188223 -0.0190448 -0.0025507 -0.0642451 -0.0023753 -0.0667198
0.0139849 0.0175156 0.0209825 0.0182987 0.0186452 0.0149635 0.0192831 0.0200335 0.0163373 0.0183828 0.0162866 0.0180991 0.0192364 0.0174719 0.0195213 0.0227623 -0.0770621 -0.0630823 -0.0507036 -0.0708736 -0.0801397 -0.0585745 -0.0759512 -0.0662952 0.0355574 0.0338832 0.0286078 0.0275644 0.0295566 0.0350557 0.0439863 0.0362986 0.0468665 0.0257064 0.0265871 0.8513156 0.0365141 0.0349462 0.0380165 0.0355443 0.0096202 0.0168817 0.0330330 0.0092004 0.0121044 0.0254526 0.0192587 0.0227266 -0.0417883 0.0039130 -0.0101996 -0.0213683 -0.0000062 0.0000616 -0.0016494 -0.0068093 -0.0212645 -0.0143986 0.0328232 -0.0058015 0.0337828 0.0341874 0.0333591 0.0128055 0.0161647 0.0199361 -0.0022780 0.0239968 0.0053369 0.0315902 -0.0058779 -0.0246061 -0.0216494 -0.0073809 -0.0027885 -0.0024107 -0.0182966 -0.0353005 -0.0185732 -0.0912967 -0.0931341 -0.0031145 -0.0114361 -0.0040492 -0.0429711 -0.0272431 -0.1427763 -0.0202892 -0.0587435 -0.0352432 -0.0349776 -0.0119974 -0.1049197 -0.0214413 -0.1221036
0.0071996 0.0074758 0.0097934 0.0110294 0.0066402 0.0022774 0.0036742 0.0063812 0.0055185 0.0035097 0.0058038 0.0051849 0.0079872 0.0070441 0.0095363 0.0105536 -0.0574332 -0.0506402 -0.0523562 -0.0507841 -0.0739009 -0.0560405 -0.0661588 -0.0571546 0.0235203 0.0207479 0.0259390 0.0242819 0.0228352 0.0297671 0.0344486 0.0265709 0.0289003 0.0208473 0.0226555 0.0365141 0.8589792 0.0276717 0.0338220 0.0278357 -0.0002777 0.0072135 0.0238326 0.0025233 0.0124626 0.0166557 0.0069248 0.0198372 -0.0352569 -0.0005813 -0.0081318 -0.0096524 -0.0054665 0.0024055 0.0078847 -0.0204947 -0.0167274 -0.0097355 0.0282255 0.0013451 0.0237738 0.0218808 0.0231975 0.0082405 0.0162987 0.0104245 0.0012504 0.0197948 0.0072490 0.0269423 -0.0013998 -0.0164896 -0.0158084 -0.0021431 0.0014396 0.0009638 -0.0110554 -0.0322709 -0.0171715 -0.0818040 -0.0840324 -0.0043359 -0.0150393 0.0029540 -0.0274454 -0.0207052 -0.1156524 -0.0085238 -0.0361522 -0.0247520 -0.0239476 -0.0070330 -0.0860054 -0.0095150 -0.0951154
0.0044916 0.0098134 0.0045092 0.0129321 0.0061792 0.0027585 0.0051927 0.0045507 0.0034688 0.0042729 0.0014699 0.0014107 0.0059217 0.0025958 0.0128020 0.0114486 -0.0646086 -0.0597709 -0.0585772 -0.0695910 -0.0739969 -0.0574550 -0.0679451 -0.0617929 0.0271583 0.0235023 0.0230709 0.0214890 0.0292700 0.0417935 0.0378954 0.0305944 0.0412441 0.0226208 0.0227606 0.0349462 0.0276717 0.8679638 0.0328338 0.0368432 0.0038875 0.0193679 0.0338219 0.0089216 0.0081058 0.0232771 0.0174978 0.0246178 -0.0376496 0.0059152 -0.0049575 -0.0098456 -0.0015613 -0.0018075 0.0096870 -0.0117096 -0.0155739 -0.0060815 0.0282326 -0.0068905 0.0305486 0.0283091 0.0282571 0.0135413 0.0085548 0.0171733 0.0040155 0.0236565 0.0130218 0.0303403 0.0003821 -0.0263287 -0.0146918 -0.0004890 -0.0013525 -0.0042100 -0.0158186 -0.0208406 -0.0120445 -0.0745270 -0.0878307 0.0001980 -0.0126836 0.0063062 -0.0283952 -0.0230984 -0.1199635 -0.0127615 -0.0402425 -0.0149318 -0.0153811 -0.0108828 -0.0901975 -0.0123314 -0.0999023
0.0103268 0.0116486 0.0131729 0.0152206 0.0142707 0.0052534 0.0114305 0.0114343 0.0063476 0.0121422 0.0091878 0.0077896 0.0113300 0.0064791 0.0137784 0.0132781 -0.0690544 -0.0578002 -0.0555455 -0.0646701 -0.0746105 -0.0628639 -0.0724854 -0.0634690 0.0211564 0.0236133 0.0253723 0.0220101 0.0260543 0.0256245 0.0368564 0.0298808 0.0401699 0.0227950 0.0149105 0.0380165 0.0338220 0.0328338 0.8475782 0.0317163 0.0031582 0.0109458 0.0229695 0.0130839 0.0067898 0.0301933 0.0140186 0.0286581 -0.0470795 0.0056899 -0.0061765 -0.0075264 -0.0052261 -0.0007123 0.0116768 -0.0102692 -0.0115703 -0.0165646 0.0265001 -0.0109130 0.0309170 0.0254798 0.0248842 0.0169279 0.0134543 0.0133310 -0.0040346 0.0258407 0.0018267 0.0149789 -0.0063443 -0.0263089 -0.0242203 -0.0030187 -0.0014533 -0.0052759 -0.0073907 -0.0357134 -0.0122793 -0.0678981 -0.0764205 -0.0082717 -0.0183456 0.0047765 -0.0409841 -0.0165113 -0.1302505 -0.0191473 -0.0522012 -0.0210545 -0.0217092 -0.0055731 -0.0926469 -0.0214905 -0.0962658
