0.8737875 0.1315885 0.0975581 0.1187874 0.0993665 0.0947765 0.0982439 0.1029572 0.1007471 0.0926903 0.0980013 0.1024096 0.0896541 0.0898876 0.0829747 0.0849794 -0.0063718 0.0114929 0.0144128 0.0031926 0.0009232 0.0254907 0.0062025 0.0108919 0.0168323 0.0121966 0.0149151 0.0015281 0.0069069 -0.0018106 0.0092642 0.0028765 0.0072826 0.0121724 -0.0012552 0.0139848 0.0071999 0.0044918 0.0103268 0.0023521 0.0055341 -0.0027810 -0.0054184 -0.0044141 0.0123428 0.0067616 -0.0003511 -0.0219787 -0.0596150 -0.0217309 -0.0313101 -0.0341352 -0.0357230 -0.0149160 -0.0311972 -0.0348359 -0.0472252 -0.0364645 -0.0165205 -0.0296075 -0.0163741 -0.0307385 -0.0302269 -0.0162047 -0.0336671 -0.0126660 -0.0389654 -0.0216033 -0.0438263 -0.0006694 -0.0382597 -0.0523621 -0.0531655 -0.0172552 -0.0343634 -0.0310548 -0.0352185 -0.0571495 -0.0331918 -0.1061155 -0.1092612 -0.0464039 -0.0443643 -0.0284711 -0.0722581 -0.0553165 -0.1330241 -0.0491867 -0.0743042 -0.0810242 -0.0804351 -0.0393599 -0.0922630 -0.0449282 -0.1263093
0.1315885 0.8616234 0.0906788 0.1231973 0.0963616 0.0933410 0.0970449 0.0996281 0.0986614 0.0930076 0.0985592 0.0988598 0.0919960 0.0894810 0.0794271 0.0872048 -0.0193081 0.0065849 0.0082908 -0.0010465 -0.0096719 0.0158237 0.0004571 -0.0047911 0.0192550 0.0111884 0.0177751 0.0088928 0.0107706 0.0072420 0.0126427 0.0077889 0.0090139 0.0144900 0.0028218 0.0175156 0.0074763 0.0098138 0.0116488 0.0087431 0.0054977 0.0016646 -0.0033006 -0.0032285 0.0098904 0.0101241 -0.0023471 -0.0238097 -0.0612377 -0.0150706 -0.0323863 -0.0364853 -0.0331848 -0.0158178 -0.0302648 -0.0340640 -0.0490460 -0.0359966 -0.0104524 -0.0271968 -0.0132099 -0.0232742 -0.0232066 -0.0152024 -0.0276693 -0.0101202 -0.0351185 -0.0205238 -0.0421077 0.0030983 -0.0404097 -0.0556879 -0.0515850 -0.0196125 -0.0327486 -0.0251999 -0.0359019 -0.0586365 -0.0317697 -0.1140990 -0.1145804 -0.0457762 -0.0448664 -0.0313011 -0.0774596 -0.0528798 -0.1420432 -0.0456176 -0.0773442 -0.0806829 -0.0805464 -0.0374582 -0.1008856 -0.0421402 -0.1322299
0.0975581 0.0906788 0.8648162 0.0886639 0.1430687 0.1364838 0.1575735 0.1431605 0.1071813 0.1004218 0.1021533 0.1025802 0.1003467 0.0971503 0.0910428 0.0899318 -0.0124936 0.0064264 0.0153581 -0.0014241 -0.0050328 0.0200082 0.0040053 0.0004690 0.0163809 0.0105746 0.0208032 0.0098288 0.0071690 0.0053275 0.0150635 0.0003178 0.0143274 0.0149199 0.0013049 0.0209824 0.0097938 0.0045094 0.0131729 0.0113354 0.0091567 -0.0012634 -0.0035424 -0.0047981 0.0132189 0.0113517 -0.0025987 -0.0246934 -0.0649794 -0.0212947 -0.0302699 -0.0406961 -0.0336286 -0.0156500 -0.0337791 -0.0370523 -0.0488068 -0.0391026 -0.0189864 -0.0321721 -0.0164051 -0.0315370 -0.0291393 -0.0203963 -0.0361762 -0.0184903 -0.0411691 -0.0224567 -0.0487522 -0.0022859 -0.0432916 -0.0554737 -0.0572782 -0.0158994 -0.0307480 -0.0314433 -0.0406802 -0.0631911 -0.0332355 -0.1207339 -0.1255458 -0.0476536 -0.0438248 -0.0343167 -0.0824827 -0.0534306 -0.1477114 -0.0580448 -0.0833741 -0.0835490 -0.0834720 -0.0435589 -0.1048444 -0.0529421 -0.1390111
0.1187874 0.1231973 0.0886639 0.8753629 0.0903700 0.0873795 0.0902037 0.0958805 0.0935674 0.0848886 0.0921188 0.0895023 0.0844371 0.0836841 0.0783886 0.0812735 -0.0183845 0.0015654 0.0059600 -0.0082119 -0.0128991 0.0088287 -0.0035248 -0.0024093 0.0200474 0.0120536 0.0206780 0.0129271 0.0150117 0.0080828 0.0178777 0.0080994 0.0126936 0.0152857 0.0052303 0.0182987 0.0110297 0.0129322 0.0152206 0.0090210 0.0092172 0.0026119 0.0066212 -0.0015201 0.0138519 0.0103007 0.0019152 -0.0167968 -0.0586827 -0.0165739 -0.0261544 -0.0365420 -0.0311626 -0.0159016 -0.0237678 -0.0332124 -0.0465743 -0.0336346 -0.0086301 -0.0212420 -0.0114844 -0.0224357 -0.0206614 -0.0118751 -0.0232988 -0.0109764 -0.0378050 -0.0137985 -0.0403173 0.0063380 -0.0377046 -0.0506299 -0.0535323 -0.0145814 -0.0294670 -0.0254746 -0.0357772 -0.0557364 -0.0313579 -0.1129024 -0.1146957 -0.0428858 -0.0370505 -0.0273541 -0.0760157 -0.0530799 -0.1434381 -0.0445360 -0.0782566 -0.0759447 -0.0763946 -0.0346122 -0.1017800 -0.0432245 -0.1312110
0.0993665 0.0963616 0.1430687 0.0903700 0.8872927 0.1537451 0.1581202 0.1554307 0.1114740 0.1019221 0.1069769 0.1067229 0.1043646 0.1027759 0.0867633 0.0926765 -0.0112916 0.0142006 0.0161225 0.0044587 -0.0002660 0.0278168 0.0077401 0.0063135 0.0200198 0.0110803 0.0193030 0.0058126 0.0063535 0.0019145 0.0146805 0.0027647 0.0101332 0.0142124 -0.0025907 0.0186449 0.0066404 0.0061792 0.0142705 0.0069782 0.0132542 -0.0001642 -0.0059048 -0.0027949 0.0121163 0.0072025 -0.0023437 -0.0287876 -0.0629082 -0.0212653 -0.0354392 -0.0361512 -0.0360743 -0.0136453 -0.0347771 -0.0390702 -0.0505987 -0.0403158 -0.0204174 -0.0374447 -0.0195074 -0.0315329 -0.0315311 -0.0217237 -0.0324254 -0.0151872 -0.0436914 -0.0267988 -0.0482520 0.0021909 -0.0444889 -0.0578567 -0.0625672 -0.0152843 -0.0315139 -0.0317286 -0.0401620 -0.0640458 -0.0344679 -0.1240360 -0.1271378 -0.0487065 -0.0471084 -0.0374195 -0.0811398 -0.0548099 -0.1457988 -0.0566838 -0.0839938 -0.0874792 -0.0874536 -0.0429433 -0.1066572 -0.0553876 -0.1362107
0.0947765 0.0933410 0.1364838 0.0873795 0.1537451 0.8745598 0.1490087 0.1486320 0.1095822 0.0987939 0.1041945 0.1040849 0.0995428 0.0973468 0.0860220 0.0928748 -0.0098237 0.0120074 0.0127846 0.0031450 0.0020062 0.0261442 0.0094433 0.0063008 0.0182052 0.0117228 0.0188826 0.0093836 0.0096390 0.0034984 0.0103023 0.0008614 0.0118887 0.0134342 -0.0035158 0.0149630 0.0022774 0.0027582 0.0052530 0.0059360 0.0112683 -0.0002303 -0.0037999 -0.0035128 0.0126101 0.0087183 -0.0011341 -0.0322647 -0.0616970 -0.0237602 -0.0367644 -0.0351788 -0.0356028 -0.0152423 -0.0370296 -0.0348963 -0.0551838 -0.0413109 -0.0210795 -0.0340500 -0.0182236 -0.0339442 -0.0322611 -0.0195911 -0.0339120 -0.0146565 -0.0439613 -0.0293252 -0.0456481 -0.0020364 -0.0460661 -0.0575295 -0.0600418 -0.0155915 -0.0344095 -0.0315354 -0.0378604 -0.0645388 -0.0325915 -0.1180707 -0.1234547 -0.0481595 -0.0445347 -0.0353535 -0.0794513 -0.0518220 -0.1412833 -0.0559817 -0.0788407 -0.0898513 -0.0897028 -0.0417391 -0.1001960 -0.0548028 -0.1291264
0.0982439 0.0970449 0.1575735 0.0902037 0.1581202 0.1490087 0.8667716 0.1609434 0.1108248 0.1057037 0.1094132 0.1104050 0.1035431 0.1028031 0.0871287 0.0944194 -0.0158634 0.0109238 0.0175189 0.0064262 -0.0035800 0.0244048 0.0053295 0.0026245 0.0169886 0.0121769 0.0193934 0.0081290 0.0070466 0.0044504 0.0121616 0.0032712 0.0123584 0.0148638 0.0009977 0.0192830 0.0036746 0.0051929 0.0114306 0.0111648 0.0115043 0.0004540 -0.0055185 -0.0054181 0.0095061 0.0073381 -0.0044554 -0.0298278 -0.0650201 -0.0230427 -0.0352090 -0.0413542 -0.0375925 -0.0164787 -0.0403270 -0.0387246 -0.0503372 -0.0412319 -0.0224257 -0.0390822 -0.0211705 -0.0336559 -0.0338202 -0.0188545 -0.0330105 -0.0141113 -0.0422447 -0.0261327 -0.0522764 -0.0018376 -0.0478268 -0.0604910 -0.0612626 -0.0177661 -0.0329896 -0.0292238 -0.0399994 -0.0644128 -0.0359283 -0.1235223 -0.1280868 -0.0494883 -0.0452087 -0.0383825 -0.0836830 -0.0549516 -0.1519931 -0.0577715 -0.0879754 -0.0877478 -0.0898898 -0.0436446 -0.1090184 -0.0584715 -0.1441010
0.1029572 0.0996281 0.1431605 0.0958805 0.1554307 0.1486320 0.1609434 0.8810060 0.1161196 0.1067927 0.1117190 0.1161648 0.1037905 0.1051581 0.0937135 0.0959955 -0.0111158 0.0115878 0.0195026 0.0061084 -0.0000339 0.0260138 0.0083851 -0.0000918 0.0171117 0.0151682 0.0194226 0.0089196 0.0067417 -0.0004403 0.0129999 0.0030021 0.0120263 0.0147773 -0.0002307 0.0200333 0.0063815 0.0045508 0.0114342 0.0084743 0.0140186 -0.0010102 -0.0046106 -0.0031064 0.0108751 0.0123931 -0.0018994 -0.0276586 -0.0660872 -0.0219819 -0.0386994 -0.0358901 -0.0396839 -0.0156562 -0.0350435 -0.0397444 -0.0537259 -0.0453553 -0.0220464 -0.0348606 -0.0201112 -0.0345862 -0.0336232 -0.0225214 -0.0368295 -0.0135915 -0.0469276 -0.0279437 -0.0493492 0.0025721 -0.0469552 -0.0574494 -0.0613948 -0.0146057 -0.0347538 -0.0316133 -0.0392605 -0.0670853 -0.0373746 -0.1264744 -0.1297482 -0.0517854 -0.0465087 -0.0362582 -0.0818635 -0.0566818 -0.1521553 -0.0533951 -0.0856221 -0.0909721 -0.0918805 -0.0448002 -0.1095010 -0.0551980 -0.1387290
0.1007471 0.0986614 0.1071813 0.0935674 0.1114740 0.1095822 0.1108248 0.1161196 0.9132765 0.1426433 0.1561610 0.1456207 0.1446621 0.1400419 0.0977277 0.1035792 -0.0027178 0.0213947 0.0245535 0.0160866 0.0077324 0.0310970 0.0178758 0.0150256 0.0185188 0.0108215 0.0170862 0.0085774 0.0057127 0.0009519 0.0101272 0.0015521 0.0063896 0.0125756 -0.0041627 0.0163373 0.0055190 0.0034691 0.0063477 0.0032686 0.0116352 -0.0044409 -0.0082843 -0.0005841 0.0151340 0.0088885 -0.0003760 -0.0298126 -0.0609821 -0.0226812 -0.0325792 -0.0411285 -0.0403327 -0.0172512 -0.0316068 -0.0391625 -0.0550429 -0.0381575 -0.0252044 -0.0341397 -0.0225476 -0.0364852 -0.0355929 -0.0229760 -0.0361940 -0.0132014 -0.0450985 -0.0274053 -0.0501112 0.0006674 -0.0478320 -0.0581844 -0.0554844 -0.0182969 -0.0351878 -0.0349305 -0.0474341 -0.0641688 -0.0337191 -0.1210367 -0.1226895 -0.0508594 -0.0507954 -0.0350560 -0.0854792 -0.0580028 -0.1389551 -0.0540230 -0.0846343 -0.0972511 -0.0952952 -0.0446396 -0.1052989 -0.0545297 -0.1363633
0.0926903 0.0930076 0.1004218 0.0848886 0.1019221 0.0987939 0.1057037 0.1067927 0.1426433 0.8841844 0.1439638 0.1460496 0.1538015 0.1406323 0.0909710 0.0971301 -0.0110995 0.0163598 0.0160357 0.0102875 -0.0001053 0.0266247 0.0102002 0.0079525 0.0146141 0.0125523 0.0155249 0.0076649 0.0039101 -0.0001461 0.0055768 0.0001811 0.0080427 0.0126903 -0.0031383 0.0183828 0.0035102 0.0042733 0.0121424 0.0059666 0.0059786 -0.0046947 -0.0064508 -0.0008937 0.0131865 0.0069862 -0.0036720 -0.0265174 -0.0646830 -0.0207153 -0.0337881 -0.0364908 -0.0393869 -0.0138340 -0.0351025 -0.0357225 -0.0503609 -0.0391476 -0.0237401 -0.0321204 -0.0215621 -0.0340725 -0.0338591 -0.0242604 -0.0339474 -0.0144818 -0.0452647 -0.0255346 -0.0495059 -0.0031794 -0.0475543 -0.0566564 -0.0561001 -0.0202175 -0.0361322 -0.0297571 -0.0412345 -0.0640910 -0.0350329 -0.1167991 -0.1189158 -0.0498648 -0.0459920 -0.0329174 -0.0841684 -0.0541399 -0.1393394 -0.0544883 -0.0812902 -0.0911141 -0.0920520 -0.0422831 -0.1020365 -0.0541284 -0.1336215
0.0980013 0.0985592 0.1021533 0.0921188 0.1069769 0.1041945 0.1094132 0.1117190 0.1561610 0.1439638 0.9147473 0.1608653 0.1470900 0.1453968 0.0991053 0.1012713 -0.0020186 0.0207542 0.0277363 0.0157952 0.0110068 0.0335129 0.0205798 0.0130934 0.0152896 0.0080435 0.0147315 0.0092093 0.0050868 -0.0036744 0.0070896 -0.0021736 0.0065488 0.0113766 -0.0032244 0.0162865 0.0058042 0.0014701 0.0091878 0.0030544 0.0115745 -0.0053407 -0.0090327 -0.0024188 0.0126189 0.0084462 -0.0049625 -0.0324122 -0.0613458 -0.0243301 -0.0322348 -0.0380243 -0.0400886 -0.0161029 -0.0340188 -0.0398612 -0.0560980 -0.0366399 -0.0239501 -0.0329112 -0.0268311 -0.0411171 -0.0417401 -0.0234074 -0.0388459 -0.0169072 -0.0450215 -0.0303508 -0.0536235 -0.0045405 -0.0476660 -0.0580260 -0.0578747 -0.0198991 -0.0353382 -0.0349765 -0.0444075 -0.0640023 -0.0370691 -0.1164574 -0.1183798 -0.0526757 -0.0456882 -0.0357972 -0.0848030 -0.0578920 -0.1342193 -0.0547720 -0.0866457 -0.0928763 -0.0924987 -0.0416766 -0.1030070 -0.0537008 -0.1341457
0.1024096 0.0988598 0.1025802 0.0895023 0.1067229 0.1040849 0.1104050 0.1161648 0.1456207 0.1460496 0.1608653 0.8975919 0.1481972 0.1429092 0.0934044 0.1023636 -0.0077153 0.0205608 0.0221362 0.0111846 0.0033544 0.0309561 0.0184031 0.0109314 0.0131137 0.0073645 0.0135399 0.0052830 0.0036339 -0.0007825 0.0064628 -0.0020345 0.0060566 0.0121788 -0.0022703 0.0180989 0.0051853 0.0014108 0.0077896 0.0000178 0.0109447 -0.0061613 -0.0031940 -0.0039598 0.0163578 0.0054489 -0.0020894 -0.0318904 -0.0677191 -0.0241469 -0.0318839 -0.0379679 -0.0375928 -0.0127248 -0.0358956 -0.0403999 -0.0551397 -0.0342678 -0.0226958 -0.0382472 -0.0248348 -0.0376662 -0.0379879 -0.0265396 -0.0363152 -0.0170151 -0.0427814 -0.0298257 -0.0499206 -0.0012607 -0.0454531 -0.0589175 -0.0587390 -0.0248065 -0.0396336 -0.0326842 -0.0454558 -0.0665953 -0.0323841 -0.1172769 -0.1191099 -0.0518308 -0.0483678 -0.0383546 -0.0873280 -0.0579586 -0.1364057 -0.0539104 -0.0854042 -0.0951798 -0.0940605 -0.0459511 -0.1012666 -0.0530163 -0.1375190
0.0896541 0.0919960 0.1003467 0.0844371 0.1043646 0.0995428 0.1035431 0.1037905 0.1446621 0.1538015 0.1470900 0.1481972 0.8863592 0.1482045 0.0941123 0.0985148 -0.0141978 0.0152004 0.0181272 0.0059870 -0.0025786 0.0275199 0.0110496 0.0057399 0.0165852 0.0089864 0.0203001 0.0083391 0.0073197 0.0008913 0.0106134 0.0018491 0.0101837 0.0133090 -0.0048651 0.0192362 0.0079876 0.0059219 0.0113300 0.0033157 0.0067473 -0.0057101 -0.0079651 0.0024051 0.0120881 0.0060812 0.0002707 -0.0296554 -0.0642432 -0.0212245 -0.0359553 -0.0327387 -0.0346500 -0.0193265 -0.0322836 -0.0390058 -0.0531206 -0.0384125 -0.0186365 -0.0342408 -0.0198136 -0.0357706 -0.0338557 -0.0280518 -0.0329009 -0.0128601 -0.0447619 -0.0275446 -0.0489330 -0.0005239 -0.0459773 -0.0558730 -0.0594139 -0.0186004 -0.0353252 -0.0310069 -0.0426968 -0.0642275 -0.0321762 -0.1221748 -0.1210885 -0.0516673 -0.0485313 -0.0365835 -0.0865652 -0.0575466 -0.1419766 -0.0555101 -0.0849772 -0.0922442 -0.0926940 -0.0437182 -0.1056218 -0.0542506 -0.1365781
0.0898876 0.0894810 0.0971503 0.0836841 0.1027759 0.0973468 0.1028031 0.1051581 0.1400419 0.1406323 0.1453968 0.1429092 0.1482045 0.8869008 0.0928952 0.0895744 -0.0055707 0.0190995 0.0236572 0.0073561 0.0005995 0.0294282 0.0125357 0.0109360 0.0166747 0.0064231 0.0147286 0.0081121 0.0060433 -0.0014728 0.0053620 -0.0005119 0.0041611 0.0122755 -0.0025416 0.0174717 0.0070445 0.0025960 0.0064791 0.0074967 0.0099144 -0.0048599 -0.0048585 -0.0004147 0.0116006 0.0095431 -0.0016671 -0.0266356 -0.0625886 -0.0228230 -0.0336904 -0.0399287 -0.0384810 -0.0195578 -0.0325893 -0.0352808 -0.0551344 -0.0386542 -0.0215240 -0.0326013 -0.0216895 -0.0374247 -0.0366863 -0.0211957 -0.0359704 -0.0133567 -0.0430247 -0.0251030 -0.0469408 -0.0034476 -0.0457178 -0.0579396 -0.0564812 -0.0177722 -0.0349220 -0.0292219 -0.0401464 -0.0619072 -0.0338727 -0.1185738 -0.1158532 -0.0526887 -0.0447206 -0.0341591 -0.0863500 -0.0533788 -0.1379655 -0.0524349 -0.0861927 -0.0907537 -0.0902236 -0.0398622 -0.1035901 -0.0454918 -0.1338187
0.0829747 0.0794271 0.0910428 0.0783886 0.0867633 0.0860220 0.0871287 0.0937135 0.0977277 0.0909710 0.0991053 0.0934044 0.0941123 0.0928952 0.8695979 0.0857519 -0.0160430 0.0047719 0.0091938 -0.0080556 -0.0126373 0.0175287 -0.0016601 -0.0047011 0.0179707 0.0136241 0.0226222 0.0125959 0.0111688 0.0088403 0.0188168 0.0056217 0.0134067 0.0151125 0.0054064 0.0195212 0.0095365 0.0128021 0.0137784 0.0134425 0.0044781 0.0019093 -0.0004535 0.0022501 0.0136122 0.0140454 -0.0022903 -0.0150267 -0.0577688 -0.0153347 -0.0260971 -0.0341970 -0.0294434 -0.0115734 -0.0237404 -0.0312584 -0.0438474 -0.0289517 -0.0090085 -0.0252566 -0.0115296 -0.0231061 -0.0235888 -0.0193105 -0.0274780 -0.0153098 -0.0339804 -0.0143982 -0.0421261 0.0030339 -0.0349124 -0.0488593 -0.0493184 -0.0196566 -0.0296895 -0.0284384 -0.0407564 -0.0557259 -0.0327312 -0.1083973 -0.1135322 -0.0379871 -0.0330860 -0.0272659 -0.0725731 -0.0477942 -0.1382950 -0.0469102 -0.0758113 -0.0777685 -0.0764711 -0.0373053 -0.0968425 -0.0461668 -0.1275403
0.0849794 0.0872048 0.0899318 0.0812735 0.0926765 0.0928748 0.0944194 0.0959955 0.1035792 0.0971301 0.1012713 0.1023636 0.0985148 0.0895744 0.0857519 0.8797432 -0.0208741 0.0022147 0.0067338 -0.0001464 -0.0086489 0.0192372 0.0001632 -0.0012982 0.0190241 0.0185927 0.0204717 0.0118756 0.0126475 0.0084929 0.0179614 0.0117406 0.0196050 0.0143234 0.0067395 0.0227623 0.0105540 0.0114489 0.0132781 0.0075190 0.0098302 0.0021392 0.0050918 -0.0012361 0.0118760 0.0137225 0.0035106 -0.0211052 -0.0580378 -0.0185445 -0.0263109 -0.0360475 -0.0323275 -0.0137427 -0.0301668 -0.0343027 -0.0473465 -0.0295711 -0.0141341 -0.0252472 -0.0120584 -0.0250239 -0.0243098 -0.0179646 -0.0251057 -0.0104578 -0.0354367 -0.0192110 -0.0445212 0.0021808 -0.0358932 -0.0522352 -0.0518572 -0.0131103 -0.0305568 -0.0239913 -0.0367031 -0.0604037 -0.0300153 -0.1095018 -0.1129314 -0.0405606 -0.0407930 -0.0296028 -0.0740208 -0.0520475 -0.1398976 -0.0471997 -0.0738642 -0.0824374 -0.0807189 -0.0357150 -0.0793814 -0.0513617 -0.1322356
-0.0063718 -0.0193081 -0.0124936 -0.0183845 -0.0112916 -0.0098237 -0.0158634 -0.0111158 -0.0027178 -0.0110995 -0.0020186 -0.0077153 -0.0141978 -0.0055707 -0.0160430 -0.0208741 1.1487882 0.1141536 0.1135241 0.1547572 0.1657777 0.1164082 0.1385930 0.1527698 -0.0706312 -0.0665216 -0.0704174 -0.0573000 -0.0758578 -0.0826673 -0.0926525 -0.0847679 -0.0851559 -0.0468032 -0.0466422 -0.0770621 -0.0574330 -0.0646085 -0.0690543 -0.0678180 -0.0190032 -0.0408481 -0.0709672 -0.0386184 -0.0377941 -0.0567486 -0.0388823 -0.0842807 0.0615171 -0.0308899 -0.0059348 0.0176408 -0.0308892 -0.0104776 -0.0181928 0.0043618 0.0141681 -0.0047713 -0.0822305 -0.0208770 -0.0833789 -0.0928226 -0.0920412 -0.0492033 -0.0443204 -0.0448721 -0.0331764 -0.0807568 -0.0387218 -0.0594931 -0.0276087 0.0211422 0.0166409 -0.0098702 -0.0170124 -0.0242888 0.0023678 0.0240396 0.0104096 0.1108020 0.1188141 -0.0169809 0.0050778 -0.0209030 0.0458991 0.0039718 0.2035544 0.0086472 0.0665915 -0.0091283 -0.0086500 -0.0256658 0.1360378 0.0068913 0.1620318
0.0114929 0.0065849 0.0064264 0.0015654 0.0142006 0.0120074 0.0109238 0.0115878 0.0213947 0.0163598 0.0207542 0.0205608 0.0152004 0.0190995 0.0047719 0.0022147 0.1141536 1.0716535 0.1110112 0.1279904 0.1319162 0.1159168 0.1245526 0.1172659 -0.0518100 -0.0566400 -0.0546414 -0.0522237 -0.0558362 -0.0719816 -0.0737931 -0.0691459 -0.0644826 -0.0371406 -0.0490762 -0.0630826 -0.0506401 -0.0597710 -0.0578003 -0.0602942 -0.0169248 -0.0479945 -0.0554455 -0.0297795 -0.0212012 -0.0511119 -0.0419909 -0.0734395 0.0273790 -0.0306828 -0.0092543 -0.0125436 -0.0290214 -0.0076969 -0.0400358 -0.0073253 -0.0031737 -0.0060460 -0.0688299 -0.0236713 -0.0796741 -0.0874265 -0.0869078 -0.0445215 -0.0400143 -0.0444340 -0.0341078 -0.0692348 -0.0502220 -0.0496546 -0.0336930 0.0056497 0.0001842 -0.0149021 -0.0231001 -0.0099006 -0.0096337 0.0181128 0.0028494 0.0637882 0.0680325 -0.0229789 -0.0022892 -0.0253227 0.0189674 0.0057554 0.1399313 -0.0123031 0.0310925 -0.0160827 -0.0149194 -0.0162243 0.0986971 -0.0168626 0.1143727
0.0144128 0.0082908 0.0153581 0.0059600 0.0161225 0.0127846 0.0175189 0.0195026 0.0245535 0.0160357 0.0277363 0.0221362 0.0181272 0.0236572 0.0091938 0.0067338 0.1135241 0.1110112 1.0658491 0.1257366 0.1380046 0.1109593 0.1189629 0.1144303 -0.0511596 -0.0460355 -0.0448452 -0.0504958 -0.0536758 -0.0701736 -0.0656553 -0.0637283 -0.0622516 -0.0347965 -0.0472467 -0.0507039 -0.0523561 -0.0585772 -0.0555455 -0.0528847 -0.0221988 -0.0422672 -0.0576344 -0.0296773 -0.0113593 -0.0449906 -0.0409226 -0.0682704 0.0329926 -0.0244764 -0.0096620 -0.0096767 -0.0213300 -0.0127085 -0.0327930 0.0015202 -0.0148295 -0.0143249 -0.0676458 -0.0186537 -0.0788385 -0.0797633 -0.0806044 -0.0407981 -0.0439982 -0.0454362 -0.0351064 -0.0640461 -0.0572061 -0.0479407 -0.0389766 -0.0076922 -0.0079233 -0.0136665 -0.0246031 -0.0189561 -0.0086788 0.0052225 -0.0045284 0.0609147 0.0733451 -0.0294184 -0.0022111 -0.0341267 0.0116527 -0.0029805 0.1243844 -0.0100619 0.0101471 -0.0183264 -0.0197286 -0.0192930 0.0884525 -0.0174310 0.0926630
0.0031926 -0.0010465 -0.0014241 -0.0082119 0.0044587 0.0031450 0.0064262 0.0061084 0.0160866 0.0102875 0.0157952 0.0111846 0.0059870 0.0073561 -0.0080556 -0.0001464 0.1547572 0.1279904 0.1257366 1.1385955 0.1508448 0.1412896 0.1647549 0.1373324 -0.0630764 -0.0603306 -0.0649446 -0.0615686 -0.0723308 -0.0838761 -0.0880818 -0.0785291 -0.0759642 -0.0452378 -0.0544045 -0.0708742 -0.0507842 -0.0695912 -0.0646705 -0.0679405 -0.0337480 -0.0540901 -0.0720874 -0.0367372 -0.0295614 -0.0658458 -0.0558252 -0.0746495 0.0467546 -0.0225801 -0.0020891 0.0095145 -0.0136622 -0.0143621 -0.0363997 -0.0152813 -0.0051630 -0.0025067 -0.0788355 -0.0145873 -0.0871722 -0.0935659 -0.0925078 -0.0547692 -0.0436913 -0.0516517 -0.0348647 -0.0714601 -0.0583275 -0.0534116 -0.0398586 0.0021222 0.0029677 0.0002498 -0.0161844 -0.0297046 -0.0072861 0.0167286 -0.0040736 0.0889883 0.0748914 -0.0306045 -0.0228087 -0.0171965 0.0124792 -0.0020309 0.1802067 0.0021863 0.0507841 -0.0037386 -0.0033028 -0.0145515 0.1243870 -0.0316859 0.1397770
0.0009232 -0.0096719 -0.0050328 -0.0128991 -0.0002660 0.0020062 -0.0035800 -0.0000339 0.0077324 -0.0001053 0.0110068 0.0033544 -0.0025786 0.0005995 -0.0126373 -0.0086489 0.1657777 0.1319162 0.1380046 0.1508448 1.1911273 0.1458481 0.1607754 0.1579122 -0.0721782 -0.0642638 -0.0636128 -0.0685551 -0.0777079 -0.0988240 -0.0905461 -0.0874551 -0.0877364 -0.0504318 -0.0592225 -0.0801403 -0.0739012 -0.0739974 -0.0746110 -0.0709765 -0.0236165 -0.0544695 -0.0784703 -0.0408467 -0.0313518 -0.0659172 -0.0508994 -0.0968831 0.0629359 -0.0254209 -0.0098119 0.0211132 -0.0155248 -0.0230388 -0.0437356 -0.0008864 0.0017897 -0.0155725 -0.0927956 -0.0286616 -0.0976428 -0.0970473 -0.0967913 -0.0478914 -0.0496390 -0.0574719 -0.0358643 -0.0954833 -0.0517239 -0.0609103 -0.0288377 0.0169056 0.0095453 -0.0105056 -0.0187183 -0.0356320 0.0016302 0.0414006 -0.0012323 0.1069223 0.1146635 -0.0281744 -0.0065712 -0.0155014 0.0303366 -0.0036804 0.2131642 0.0069672 0.0668542 -0.0055975 -0.0066986 -0.0103050 0.1492070 0.0053194 0.1623994
0.0254907 0.0158237 0.0200082 0.0088287 0.0278168 0.0261442 0.0244048 0.0260138 0.0310970 0.0266247 0.0335129 0.0309561 0.0275199 0.0294282 0.0175287 0.0192372 0.1164082 0.1159168 0.1109593 0.1412896 0.1458481 1.0908135 0.1388854 0.1379193 -0.0592560 -0.0466731 -0.0540538 -0.0477910 -0.0654685 -0.0786124 -0.0752383 -0.0699901 -0.0681868 -0.0380210 -0.0461551 -0.0585750 -0.0560404 -0.0574551 -0.0628641 -0.0570763 -0.0269923 -0.0531492 -0.0624342 -0.0323497 -0.0251794 -0.0569184 -0.0477039 -0.0773611 0.0343542 -0.0327435 -0.0072763 0.0032829 -0.0132367 -0.0192328 -0.0460688 -0.0139004 -0.0183440 -0.0070082 -0.0661486 -0.0188039 -0.0886878 -0.0844206 -0.0842385 -0.0520075 -0.0591087 -0.0506255 -0.0441043 -0.0747110 -0.0580258 -0.0488112 -0.0459267 -0.0068680 -0.0096421 -0.0145117 -0.0263756 -0.0278934 -0.0098833 0.0214909 0.0149147 0.0617793 0.0562301 -0.0376014 -0.0215465 -0.0195054 0.0032388 -0.0058777 0.1296046 -0.0105443 0.0219740 -0.0190940 -0.0185875 -0.0222403 0.0932074 -0.0247378 0.0999705
0.0062025 0.0004571 0.0040053 -0.0035248 0.0077401 0.0094433 0.0053295 0.0083851 0.0178758 0.0102002 0.0205798 0.0184031 0.0110496 0.0125357 -0.0016601 0.0001632 0.1385930 0.1245526 0.1189629 0.1647549 0.1607754 0.1388854 1.1293538 0.1449363 -0.0656267 -0.0638086 -0.0649492 -0.0626357 -0.0711465 -0.0844778 -0.0791847 -0.0753411 -0.0752151 -0.0438789 -0.0549883 -0.0759514 -0.0661586 -0.0679450 -0.0724854 -0.0671766 -0.0215328 -0.0495825 -0.0686620 -0.0336364 -0.0319796 -0.0579433 -0.0509688 -0.0826673 0.0386308 -0.0235165 -0.0007357 0.0090390 -0.0197694 -0.0142438 -0.0395732 -0.0036566 -0.0127354 0.0103190 -0.0723143 -0.0198267 -0.0926697 -0.0909608 -0.0913811 -0.0578009 -0.0533191 -0.0467181 -0.0398646 -0.0799579 -0.0535215 -0.0544240 -0.0417694 0.0064368 -0.0055214 -0.0032285 -0.0266594 -0.0308595 -0.0020557 0.0177092 0.0066886 0.0951795 0.0869635 -0.0273656 -0.0120291 -0.0150238 0.0260191 0.0006375 0.1723569 0.0099820 0.0534836 -0.0132104 -0.0125626 -0.0196096 0.1212197 -0.0163059 0.1440354
0.0108919 -0.0047911 0.0004690 -0.0024093 0.0063135 0.0063008 0.0026245 -0.0000918 0.0150256 0.0079525 0.0130934 0.0109314 0.0057399 0.0109360 -0.0047011 -0.0012982 0.1527698 0.1172659 0.1144303 0.1373324 0.1579122 0.1379193 0.1449363 1.1175283 -0.0601282 -0.0487891 -0.0615434 -0.0521317 -0.0645692 -0.0792089 -0.0810449 -0.0670273 -0.0790371 -0.0424927 -0.0570775 -0.0662957 -0.0571546 -0.0617932 -0.0634692 -0.0653481 -0.0192394 -0.0493894 -0.0665325 -0.0328771 -0.0227619 -0.0544756 -0.0411363 -0.0864855 0.0347745 -0.0278212 -0.0014103 0.0156647 -0.0266062 -0.0126473 -0.0257233 -0.0071522 -0.0032157 -0.0069259 -0.0762027 -0.0318773 -0.0819071 -0.0864436 -0.0868335 -0.0561825 -0.0494303 -0.0531855 -0.0373425 -0.0828130 -0.0460178 -0.0465631 -0.0313085 0.0111554 0.0066084 -0.0153172 -0.0252394 -0.0212658 -0.0020989 0.0247624 -0.0056085 0.0836078 0.0754973 -0.0302029 -0.0120520 -0.0260581 0.0305996 -0.0066513 0.1676437 -0.0070995 0.0326173 -0.0031028 -0.0045568 -0.0227963 0.1118456 -0.0099837 0.1275769
0.0168323 0.0192550 0.0163809 0.0200474 0.0200198 0.0182052 0.0169886 0.0171117 0.0185188 0.0146141 0.0152896 0.0131137 0.0165852 0.0166747 0.0179707 0.0190241 -0.0706312 -0.0518100 -0.0511596 -0.0630764 -0.0721782 -0.0592560 -0.0656267 -0.0601282 0.8430412 0.0294784 0.0366295 0.0498007 0.0647356 0.0776902 0.0759734 0.0531033 0.0343275 0.0244744 0.0215067 0.0355575 0.0235204 0.0271585 0.0211565 0.0298935 0.0051391 0.0146413 0.0247333 0.0091486 0.0143973 0.0274784 0.0121142 0.0188791 -0.0465607 -0.0071021 -0.0178347 -0.0218191 -0.0157510 -0.0049795 -0.0080410 -0.0147836 -0.0191360 -0.0186991 0.0190996 -0.0067316 0.0199007 0.0149078 0.0168991 0.0111726 0.0041556 0.0138060 -0.0041181 0.0162844 0.0055630 0.0242479 -0.0061142 -0.0288001 -0.0306572 -0.0092086 -0.0107760 -0.0032094 -0.0227357 -0.0368932 -0.0244972 -0.0807216 -0.0948720 -0.0085497 -0.0103652 -0.0037465 -0.0483251 -0.0264437 -0.1354353 -0.0198184 -0.0563105 -0.0360802 -0.0371557 -0.0095329 -0.0996552 -0.0164315 -0.1167470
0.0121966 0.0111884 0.0105746 0.0120536 0.0110803 0.0117228 0.0121769 0.0151682 0.0108215 0.0125523 0.0080435 0.0073645 0.0089864 0.0064231 0.0136241 0.0185927 -0.0665216 -0.0566400 -0.0460355 -0.0603306 -0.0642638 -0.0466731 -0.0638086 -0.0487891 0.0294784 0.8535323 0.0695867 0.0199532 0.0395701 0.0307497 0.0409823 0.0314132 0.0314781 0.0217899 0.0134044 0.0338833 0.0207479 0.0235023 0.0236134 0.0291559 0.0037572 0.0165268 0.0191411 0.0025881 0.0067447 0.0249338 0.0138081 0.0135309 -0.0392929 0.0022384 -0.0084476 -0.0188106 -0.0005700 0.0016911 0.0069955 -0.0176326 -0.0150189 -0.0109683 0.0215368 -0.0013208 0.0339976 0.0254414 0.0259838 0.0075106 0.0064148 0.0101483 -0.0073231 0.0134913 -0.0046630 0.0142243 -0.0078116 -0.0274483 -0.0161678 -0.0052748 -0.0021252 -0.0084467 -0.0161020 -0.0370306 -0.0147151 -0.0658105 -0.0753607 -0.0012260 -0.0154511 -0.0006039 -0.0353886 -0.0138214 -0.1287323 -0.0157412 -0.0469553 -0.0296930 -0.0278625 -0.0042826 -0.0809107 -0.0194006 -0.1010169
0.0149151 0.0177751 0.0208032 0.0206780 0.0193030 0.0188826 0.0193934 0.0194226 0.0170862 0.0155249 0.0147315 0.0135399 0.0203001 0.0147286 0.0226222 0.0204717 -0.0704174 -0.0546414 -0.0448452 -0.0649446 -0.0636128 -0.0540538 -0.0649492 -0.0615434 0.0366295 0.0695867 0.8504431 0.0300804 0.0357326 0.0413898 0.0412588 0.0402352 0.0333583 0.0232286 0.0180953 0.0286079 0.0259391 0.0230710 0.0253724 0.0323126 0.0045868 0.0178647 0.0229772 0.0102350 0.0103277 0.0203998 0.0145514 0.0190095 -0.0467771 -0.0020020 -0.0204653 -0.0168649 -0.0122328 -0.0074334 -0.0033487 -0.0216134 -0.0192482 -0.0083435 0.0173073 0.0036421 0.0273754 0.0217131 0.0208771 0.0177318 0.0098950 0.0050297 -0.0030934 0.0162135 0.0009970 0.0209309 -0.0012629 -0.0306411 -0.0295947 -0.0056994 -0.0033365 -0.0026440 -0.0207630 -0.0374054 -0.0193435 -0.0847992 -0.0917165 -0.0058782 -0.0114828 -0.0049309 -0.0387912 -0.0212339 -0.1323141 -0.0236262 -0.0502257 -0.0367949 -0.0354538 -0.0078872 -0.0918073 -0.0144601 -0.1081659
0.0015281 0.0088928 0.0098288 0.0129271 0.0058126 0.0093836 0.0081290 0.0089196 0.0085774 0.0076649 0.0092093 0.0052830 0.0083391 0.0081121 0.0125959 0.0118756 -0.0573000 -0.0522237 -0.0504958 -0.0615686 -0.0685551 -0.0477910 -0.0626357 -0.0521317 0.0498007 0.0199532 0.0300804 0.8630400 0.0658017 0.0489056 0.0436640 0.0566276 0.0170484 0.0208147 0.0105245 0.0275645 0.0242819 0.0214890 0.0220101 0.0129587 0.0162923 0.0165741 0.0219001 0.0066443 0.0060643 0.0309432 0.0291861 0.0211346 -0.0434412 -0.0068073 -0.0023811 -0.0125630 -0.0024847 0.0107961 0.0034196 -0.0238207 -0.0115915 -0.0144354 0.0210043 -0.0051275 0.0259038 0.0240057 0.0228257 0.0106071 0.0060757 0.0065541 -0.0124963 0.0201989 0.0000422 0.0197386 -0.0047368 -0.0182869 -0.0096875 -0.0089124 -0.0079744 -0.0026627 -0.0181521 -0.0354982 -0.0194635 -0.0724709 -0.0726694 -0.0062385 -0.0108228 -0.0062396 -0.0401111 -0.0187848 -0.1146942 -0.0188797 -0.0573935 -0.0329404 -0.0319163 -0.0157509 -0.0871454 -0.0168202 -0.0977315
0.0069069 0.0107706 0.0071690 0.0150117 0.0063535 0.0096390 0.0070466 0.0067417 0.0057127 0.0039101 0.0050868 0.0036339 0.0073197 0.0060433 0.0111688 0.0126475 -0.0758578 -0.0558362 -0.0536758 -0.0723308 -0.0777079 -0.0654685 -0.0711465 -0.0645692 0.0647356 0.0395701 0.0357326 0.0658017 0.8599283 0.0625557 0.0546991 0.0716523 0.0270151 0.0238681 0.0148540 0.0295566 0.0228351 0.0292700 0.0260542 0.0219440 0.0095288 0.0070489 0.0237611 0.0061235 0.0065710 0.0233091 0.0127478 0.0199262 -0.0303513 -0.0040189 -0.0082547 -0.0276607 -0.0000936 0.0062309 0.0003143 -0.0184153 -0.0125931 -0.0061099 0.0242070 -0.0020934 0.0344184 0.0297760 0.0310338 0.0189592 0.0069304 0.0121553 -0.0065689 0.0186872 -0.0012189 0.0237819 -0.0027632 -0.0210443 -0.0201407 -0.0057083 -0.0070320 -0.0037986 -0.0158010 -0.0372732 -0.0146474 -0.0723779 -0.0772721 -0.0014981 -0.0150808 -0.0010327 -0.0403999 -0.0268854 -0.1285896 -0.0236192 -0.0479131 -0.0284424 -0.0290801 -0.0121145 -0.0920563 -0.0178585 -0.1039868
-0.0018106 0.0072420 0.0053275 0.0080828 0.0019145 0.0034984 0.0044504 -0.0004403 0.0009519 -0.0001461 -0.0036744 -0.0007825 0.0008913 -0.0014728 0.0088403 0.0084929 -0.0826673 -0.0719816 -0.0701736 -0.0838761 -0.0988240 -0.0786124 -0.0844778 -0.0792089 0.0776902 0.0307497 0.0413898 0.0489056 0.0625557 0.8616131 0.0780415 0.0592826 0.0269417 0.0269884 0.0223367 0.0350557 0.0297670 0.0417935 0.0256244 0.0360519 0.0046895 0.0202246 0.0346525 0.0129960 0.0130446 0.0275512 0.0219958 0.0384676 -0.0430291 -0.0035699 -0.0133896 -0.0150119 -0.0020116 0.0007779 0.0107533 -0.0176805 -0.0178946 -0.0105129 0.0239950 -0.0022880 0.0423688 0.0384392 0.0380925 0.0255034 0.0096906 0.0174839 0.0021953 0.0374067 0.0163322 0.0320103 0.0057043 -0.0265726 -0.0156658 -0.0113553 -0.0092379 0.0108955 -0.0210731 -0.0347346 -0.0194492 -0.0815735 -0.0844839 0.0046689 -0.0056827 -0.0046770 -0.0357235 -0.0160216 -0.1407603 -0.0171686 -0.0544276 -0.0274505 -0.0264068 -0.0083176 -0.0984825 -0.0122256 -0.1155316
0.0092642 0.0126427 0.0150635 0.0178777 0.0146805 0.0103023 0.0121616 0.0129999 0.0101272 0.0055768 0.0070896 0.0064628 0.0106134 0.0053620 0.0188168 0.0179614 -0.0926525 -0.0737931 -0.0656553 -0.0880818 -0.0905461 -0.0752383 -0.0791847 -0.0810449 0.0759734 0.0409823 0.0412588 0.0436640 0.0546991 0.0780415 0.8471875 0.0553047 0.0359726 0.0297947 0.0230318 0.0439866 0.0344488 0.0378957 0.0368566 0.0365148 0.0085783 0.0184349 0.0376217 0.0133865 0.0168074 0.0367904 0.0203311 0.0346854 -0.0567624 0.0030690 -0.0130986 -0.0132196 -0.0032946 0.0005468 0.0064059 -0.0151585 -0.0232892 -0.0151742 0.0390955 -0.0012530 0.0355833 0.0321707 0.0331199 0.0140534 0.0126526 0.0147360 -0.0028995 0.0331783 0.0107943 0.0356534 0.0000110 -0.0326233 -0.0224575 -0.0040924 -0.0018785 -0.0028127 -0.0211900 -0.0412254 -0.0228850 -0.0893839 -0.0999924 -0.0040038 -0.0146331 0.0012630 -0.0490758 -0.0246574 -0.1502821 -0.0209622 -0.0593079 -0.0301895 -0.0308045 -0.0092656 -0.1147065 -0.0074593 -0.1285158
0.0028765 0.0077889 0.0003178 0.0080994 0.0027647 0.0008614 0.0032712 0.0030021 0.0015521 0.0001811 -0.0021736 -0.0020345 0.0018491 -0.0005119 0.0056217 0.0117406 -0.0847679 -0.0691459 -0.0637283 -0.0785291 -0.0874551 -0.0699901 -0.0753411 -0.0670273 0.0531033 0.0314132 0.0402352 0.0566276 0.0716523 0.0592826 0.0553047 0.8650413 0.0350786 0.0242334 0.0127231 0.0362989 0.0265710 0.0305946 0.0298809 0.0236442 0.0033669 0.0152226 0.0240130 0.0104682 0.0074801 0.0296683 0.0174074 0.0242790 -0.0419596 0.0001528 -0.0134659 -0.0122073 -0.0074244 0.0062626 0.0057489 -0.0127385 -0.0137954 -0.0036704 0.0216848 0.0043177 0.0361345 0.0396467 0.0396749 0.0128182 0.0084913 0.0120090 0.0076621 0.0235717 0.0108263 0.0237424 0.0102681 -0.0197292 -0.0172830 -0.0095058 -0.0085121 0.0097275 -0.0123427 -0.0325182 -0.0219747 -0.0676962 -0.0761390 -0.0002301 -0.0145218 -0.0041758 -0.0347738 -0.0215768 -0.1223109 -0.0226125 -0.0426312 -0.0334454 -0.0339806 -0.0092340 -0.0855402 -0.0044730 -0.1016499
0.0072826 0.0090139 0.0143274 0.0126936 0.0101332 0.0118887 0.0123584 0.0120263 0.0063896 0.0080427 0.0065488 0.0060566 0.0101837 0.0041611 0.0134067 0.0196050 -0.0851559 -0.0644826 -0.0622516 -0.0759642 -0.0877364 -0.0681868 -0.0752151 -0.0790371 0.0343275 0.0314781 0.0333583 0.0170484 0.0270151 0.0269417 0.0359726 0.0350786 0.8392408 0.0256349 0.0277867 0.0468667 0.0289003 0.0412442 0.0401700 0.0417629 0.0091947 0.0229490 0.0337109 0.0130422 0.0159266 0.0236759 0.0133448 0.0329857 -0.0437364 0.0095148 -0.0096697 -0.0214117 -0.0031344 -0.0001647 0.0028089 -0.0150640 -0.0146113 -0.0115096 0.0351548 -0.0056671 0.0333190 0.0320638 0.0326522 0.0187847 0.0133443 0.0150333 0.0037165 0.0295023 0.0061199 0.0263852 0.0005742 -0.0247697 -0.0236144 -0.0016823 -0.0029556 -0.0011425 -0.0176819 -0.0349102 -0.0204950 -0.0787407 -0.0803614 -0.0047807 -0.0111194 -0.0022928 -0.0394767 -0.0140786 -0.1409208 -0.0138055 -0.0491709 -0.0246286 -0.0261770 -0.0090508 -0.1023058 -0.0176364 -0.1038030
0.0121724 0.0144900 0.0149199 0.0152857 0.0142124 0.0134342 0.0148638 0.0147773 0.0125756 0.0126903 0.0113766 0.0121788 0.0133090 0.0122755 0.0151125 0.0143234 -0.0468032 -0.0371406 -0.0347965 -0.0452378 -0.0504318 -0.0380210 -0.0438789 -0.0424927 0.0244744 0.0217899 0.0232286 0.0208147 0.0238681 0.0269884 0.0297947 0.0242334 0.0256349 0.9499456 0.0165024 0.0257052 0.0208463 0.0226197 0.0227939 0.0224222 0.0090139 0.0144718 0.0217760 0.0092466 0.0102289 0.0194830 0.0143255 0.0235249 -0.0274393 0.0034648 -0.0036155 -0.0098492 0.0003526 0.0018720 0.0049910 -0.0084044 -0.0091647 -0.0051187 0.0236020 0.0013823 0.0264901 0.0249933 0.0251561 0.0117864 0.0098380 0.0123534 0.0021516 0.0232869 0.0063451 0.0180805 0.0017008 -0.0146759 -0.0124528 0.0001431 0.0007113 0.0011796 -0.0081515 -0.0213378 -0.0082012 -0.0541016 -0.0572214 -0.0004584 -0.0063208 0.0022846 -0.0241189 -0.0112797 -0.0897862 -0.0093243 -0.0323374 -0.0150644 -0.0149255 -0.0031861 -0.0615176 -0.0074842 -0.0728384
-0.0012552 0.0028218 0.0013049 0.0052303 -0.0025907 -0.0035158 0.0009977 -0.0002307 -0.0041627 -0.0031383 -0.0032244 -0.0022703 -0.0048651 -0.0025416 0.0054064 0.0067395 -0.0466422 -0.0490762 -0.0472467 -0.0544045 -0.0592225 -0.0461551 -0.0549883 -0.0570775 0.0215067 0.0134044 0.0180953 0.0105245 0.0148540 0.0223367 0.0230318 0.0127231 0.0277867 0.0165024 0.8779504 0.0265872 0.0226555 0.0227607 0.0149105 0.0226796 -0.0009353 0.0043888 0.0224967 -0.0048672 0.0040172 0.0086677 0.0072390 0.0178223 -0.0249316 -0.0013370 -0.0027756 -0.0155330 0.0000381 0.0003102 0.0011551 -0.0108232 -0.0003194 0.0026971 0.0185326 0.0034547 0.0192597 0.0157452 0.0154845 0.0102708 0.0048490 0.0092243 -0.0019743 0.0179997 0.0040110 0.0194957 0.0020027 -0.0120915 -0.0181617 -0.0034977 -0.0042332 0.0005470 -0.0041370 -0.0165271 -0.0031133 -0.0521199 -0.0531053 0.0019399 0.0020853 0.0054379 -0.0169723 -0.0110199 -0.0875629 -0.0124702 -0.0229681 -0.0188222 -0.0190447 -0.0025508 -0.0642448 -0.0023755 -0.0667194
0.0139848 0.0175156 0.0209824 0.0182987 0.0186449 0.0149630 0.0192830 0.0200333 0.0163373 0.0183828 0.0162865 0.0180989 0.0192362 0.0174717 0.0195212 0.0227623 -0.0770621 -0.0630826 -0.0507039 -0.0708742 -0.0801403 -0.0585750 -0.0759514 -0.0662957 0.0355575 0.0338833 0.0286079 0.0275645 0.0295566 0.0350557 0.0439866 0.0362989 0.0468667 0.0257052 0.0265872 0.8513161 0.0365142 0.0349463 0.0380167 0.0355445 0.0096202 0.0168818 0.0330332 0.0092004 0.0121043 0.0254527 0.0192589 0.0227267 -0.0417881 0.0039131 -0.0101997 -0.0213684 -0.0000061 0.0000615 -0.0016493 -0.0068093 -0.0212643 -0.0143985 0.0328232 -0.0058014 0.0337827 0.0341875 0.0333592 0.0128056 0.0161649 0.0199362 -0.0022780 0.0239970 0.0053370 0.0315904 -0.0058777 -0.0246062 -0.0216494 -0.0073809 -0.0027884 -0.0024107 -0.0182965 -0.0353003 -0.0185733 -0.0912968 -0.0931340 -0.0031144 -0.0114358 -0.0040491 -0.0429711 -0.0272430 -0.1427769 -0.0202890 -0.0587433 -0.0352429 -0.0349772 -0.0119974 -0.1049192 -0.0214414 -0.1221030
0.0071999 0.0074763 0.0097938 0.0110297 0.0066404 0.0022774 0.0036746 0.0063815 0.0055190 0.0035102 0.0058042 0.0051853 0.0079876 0.0070445 0.0095365 0.0105540 -0.0574330 -0.0506401 -0.0523561 -0.0507842 -0.0739012 -0.0560404 -0.0661586 -0.0571546 0.0235204 0.0207479 0.0259391 0.0242819 0.0228351 0.0297670 0.0344488 0.0265710 0.0289003 0.0208463 0.0226555 0.0365142 0.8589787 0.0276718 0.0338221 0.0278358 -0.0002777 0.0072136 0.0238326 0.0025232 0.0124626 0.0166557 0.0069249 0.0198371 -0.0352569 -0.0005814 -0.0081319 -0.0096525 -0.0054666 0.0024054 0.0078847 -0.0204948 -0.0167274 -0.0097356 0.0282253 0.0013451 0.0237736 0.0218806 0.0231972 0.0082404 0.0162987 0.0104244 0.0012502 0.0197947 0.0072488 0.0269424 -0.0013998 -0.0164899 -0.0158086 -0.0021432 0.0014396 0.0009636 -0.0110555 -0.0322710 -0.0171716 -0.0818044 -0.0840325 -0.0043360 -0.0150392 0.0029539 -0.0274457 -0.0207053 -0.1156531 -0.0085238 -0.0361523 -0.0247520 -0.0239476 -0.0070331 -0.0860052 -0.0095153 -0.0951152
0.0044918 0.0098138 0.0045094 0.0129322 0.0061792 0.0027582 0.0051929 0.0045508 0.0034691 0.0042733 0.0014701 0.0014108 0.0059219 0.0025960 0.0128021 0.0114489 -0.0646085 -0.0597710 -0.0585772 -0.0695912 -0.0739974 -0.0574551 -0.0679450 -0.0617932 0.0271585 0.0235023 0.0230710 0.0214890 0.0292700 0.0417935 0.0378957 0.0305946 0.0412442 0.0226197 0.0227607 0.0349463 0.0276718 0.8679636 0.0328339 0.0368433 0.0038875 0.0193679 0.0338220 0.0089215 0.0081058 0.0232771 0.0174979 0.0246177 -0.0376495 0.0059152 -0.0049576 -0.0098458 -0.0015614 -0.0018075 0.0096871 -0.0117097 -0.0155738 -0.0060815 0.0282325 -0.0068905 0.0305485 0.0283090 0.0282570 0.0135413 0.0085549 0.0171734 0.0040154 0.0236565 0.0130217 0.0303405 0.0003821 -0.0263289 -0.0146919 -0.0004891 -0.0013525 -0.0042102 -0.0158186 -0.0208406 -0.0120446 -0.0745273 -0.0878308 0.0001980 -0.0126835 0.0063062 -0.0283953 -0.0230984 -0.1199642 -0.0127615 -0.0402425 -0.0149317 -0.0153810 -0.0108829 -0.0901973 -0.0123317 -0.0999020
0.0103268 0.0116488 0.0131729 0.0152206 0.0142705 0.0052530 0.0114306 0.0114342 0.0063477 0.0121424 0.0091878 0.0077896 0.0113300 0.0064791 0.0137784 0.0132781 -0.0690543 -0.0578003 -0.0555455 -0.0646705 -0.0746110 -0.0628641 -0.0724854 -0.0634692 0.0211565 0.0236134 0.0253724 0.0220101 0.0260542 0.0256244 0.0368566 0.0298809 0.0401700 0.0227939 0.0149105 0.0380167 0.0338221 0.0328339 0.8475782 0.0317164 0.0031582 0.0109458 0.0229695 0.0130838 0.0067898 0.0301933 0.0140187 0.0286581 -0.0470793 0.0056899 -0.0061765 -0.0075265 -0.0052262 -0.0007123 0.0116769 -0.0102692 -0.0115701 -0.0165645 0.0265000 -0.0109129 0.0309169 0.0254798 0.0248841 0.0169279 0.0134545 0.0133310 -0.0040347 0.0258408 0.0018267 0.0149791 -0.0063442 -0.0263090 -0.0242203 -0.0030187 -0.0014532 -0.0052760 -0.0073907 -0.0357133 -0.0122793 -0.0678982 -0.0764205 -0.0082716 -0.0183454 0.0047766 -0.0409841 -0.0165112 -0.1302511 -0.0191472 -0.0522011 -0.0210543 -0.0217089 -0.0055731 -0.0926465 -0.0214906 -0.0962652
