0.2044559 0.7937558 0.0017882
0.2317491 0.7681487 0.0001022
0.1774136 0.8224843 0.0001021
0.2766341 0.7232636 0.0001022
0.1544867 0.8454111 0.0001021
0.1584643 0.8414335 0.0001022
0.1426679 0.8572301 0.0001020
0.1399180 0.8599800 0.0001020
0.1275754 0.8723224 0.0001022
0.1426743 0.8572235 0.0001022
0.1190134 0.8808843 0.0001022
0.1153273 0.8845705 0.0001021
0.1420549 0.8578430 0.0001021
0.1424415 0.8574563 0.0001022
0.2760181 0.7238796 0.0001023
0.2579737 0.7419240 0.0001023
0.0001009 0.4472954 0.5526037
0.0001011 0.5431952 0.4567037
0.0001013 0.5681827 0.4317159
0.0000996 0.5083124 0.4915880
0.0000987 0.4610175 0.5388837
0.0000996 0.5757692 0.4241312
0.0000996 0.5111710 0.4887292
0.0001003 0.5070181 0.4928815
0.7324194 0.2674788 0.0001018
0.7322566 0.2544340 0.0133095
0.7271442 0.2727539 0.0001019
0.7472779 0.2402601 0.0124620
0.7834531 0.2164450 0.0001019
0.8463835 0.1535149 0.0001016
0.8145448 0.1853537 0.0001015
0.8183902 0.1815080 0.0001018
0.7962060 0.2036922 0.0001018
0.6615041 0.2654885 0.0730073
0.7264678 0.2002390 0.0732931
0.7500159 0.2498823 0.0001018
0.7596359 0.2262555 0.0141086
0.7795542 0.2079946 0.0124511
0.7661875 0.2321281 0.0016844
0.7748483 0.2110619 0.0140899
0.5635325 0.3222121 0.1142553
0.7042655 0.2166121 0.0791223
0.8131628 0.1536629 0.0331742
0.6367347 0.2367477 0.1265177
0.5781435 0.3224081 0.0994483
0.7248622 0.2492535 0.0258843
0.6981049 0.2182609 0.0836342
0.9581239 0.0078715 0.0340046
0.4351556 0.0774789 0.4873655
0.6546107 0.1461025 0.1992869
0.6055390 0.1242737 0.2701873
0.5353903 0.1476256 0.3169840
0.6699933 0.0917309 0.2382758
0.5933132 0.2100714 0.1966154
0.7304248 0.0757170 0.1938583
0.5700707 0.1181622 0.3117671
0.6240597 0.0473691 0.3285711
0.6133369 0.1078852 0.2787779
0.9103434 0.0606588 0.0289978
0.6830875 0.1045328 0.2123798
0.9508051 0.0424496 0.0067453
0.9783814 0.0001011 0.0215175
0.9768230 0.0001011 0.0230759
0.7726680 0.0992874 0.1280446
0.7923493 0.0507425 0.1569083
0.7378075 0.1475402 0.1146523
0.7435735 0.0302380 0.2261885
0.9449329 0.0208207 0.0342464
0.8086197 0.0001016 0.1912787
0.7508029 0.2030200 0.0461771
0.7372548 0.0251838 0.2375615
0.5698915 0.0479683 0.3821401
0.6026760 0.0314322 0.3658919
0.5879383 0.1941584 0.2179033
0.6695730 0.0969568 0.2334702
0.6544449 0.1189792 0.2265759
0.5829466 0.1069679 0.3100855
0.5217243 0.0374152 0.4408605
0.5478054 0.1466647 0.3055299
0.2621698 0.0001008 0.7377295
0.2378524 0.0001007 0.7620469
0.7182204 0.0189862 0.2627933
0.6248269 0.0671606 0.3080125
0.6803201 0.1004819 0.2191980
0.5256602 0.0001016 0.4742382
0.6127437 0.0329814 0.3542749
0.0001002 0.0001002 0.9997996
0.6161771 0.0387731 0.3450497
0.4514935 0.0001023 0.5484042
0.6070558 0.0000995 0.3928447
0.6077737 0.0000996 0.3921267
0.6605901 0.0591027 0.2803073
0.1644283 0.0363646 0.7992072
0.6547723 0.0234129 0.3218148
0.1169732 0.0001009 0.8829259
