0.8504099 0.1072926 0.0690334 0.0957736 0.0677330 0.0649097 0.0682942 0.0707231 0.0640861 0.0604646 0.0611829 0.0687713 0.0578595 0.0580842 0.0611267 0.0603814 -0.0489625 -0.0288855 -0.0256603 -0.0415209 -0.0480331 -0.0203821 -0.0404306 -0.0328695 0.0299024 0.0248633 0.0271092 0.0151109 0.0240285 0.0220653 0.0322493 0.0232535 0.0249558 0.0247807 0.0116071 0.0302607 0.0211547 0.0218848 0.0246505 0.0176235 0.0069524 0.0088542 0.0131725 0.0027285 0.0145199 0.0197240 0.0108505 0.0078262 -0.0616053 -0.0122216 -0.0243682 -0.0313568 -0.0248682 -0.0100121 -0.0164313 -0.0295354 -0.0372422 -0.0283435 0.0092054 -0.0182363 0.0136486 0.0037664 0.0049874 -0.0000141 -0.0141296 0.0021057 -0.0216171 0.0061922 -0.0209769 0.0131803 -0.0224896 -0.0460642 -0.0446827 -0.0122034 -0.0224894 -0.0209626 -0.0294448 -0.0537594 -0.0299210 -0.1103724 -0.1145560 -0.0302834 -0.0349116 -0.0168091 -0.0644225 -0.0467993 -0.1570845 -0.0402547 -0.0731584 -0.0615202 -0.0610731 -0.0277370 -0.1103767 -0.0335886 -0.1399486
0.1072926 0.8428993 0.0653722 0.1026601 0.0679829 0.0666868 0.0707304 0.0710492 0.0656013 0.0644715 0.0656923 0.0686368 0.0640443 0.0610759 0.0598731 0.0652176 -0.0565307 -0.0290436 -0.0265409 -0.0404495 -0.0536653 -0.0239645 -0.0408189 -0.0433480 0.0303146 0.0221119 0.0282446 0.0205796 0.0257346 0.0282901 0.0328249 0.0256850 0.0247498 0.0258795 0.0143773 0.0318060 0.0195765 0.0252963 0.0241438 0.0222153 0.0066691 0.0118149 0.0132178 0.0029264 0.0119699 0.0215403 0.0071120 0.0024553 -0.0628581 -0.0067887 -0.0258549 -0.0339434 -0.0233251 -0.0115853 -0.0173078 -0.0294326 -0.0401817 -0.0286036 0.0119606 -0.0169486 0.0133932 0.0074870 0.0081168 -0.0010029 -0.0104258 0.0027515 -0.0199525 0.0036138 -0.0220928 0.0152686 -0.0265505 -0.0499581 -0.0440425 -0.0150706 -0.0222432 -0.0162688 -0.0305174 -0.0553628 -0.0289960 -0.1173569 -0.1189078 -0.0313348 -0.0365413 -0.0208574 -0.0703919 -0.0453787 -0.1629577 -0.0378754 -0.0762003 -0.0636305 -0.0633576 -0.0272164 -0.1165635 -0.0320977 -0.1438441
0.0690334 0.0653722 0.8406675 0.0646122 0.1092607 0.1044143 0.1260643 0.1089244 0.0683754 0.0668329 0.0630843 0.0669189 0.0669460 0.0636559 0.0678183 0.0638892 -0.0560358 -0.0355093 -0.0258886 -0.0471831 -0.0560084 -0.0268732 -0.0445465 -0.0446129 0.0295586 0.0233034 0.0331085 0.0237089 0.0246893 0.0297369 0.0385739 0.0210874 0.0327266 0.0281431 0.0147778 0.0376953 0.0241996 0.0224508 0.0277674 0.0273777 0.0105775 0.0107030 0.0158149 0.0021603 0.0154398 0.0247385 0.0087318 0.0059937 -0.0666820 -0.0115554 -0.0227211 -0.0376529 -0.0224799 -0.0104375 -0.0185934 -0.0313587 -0.0380902 -0.0302367 0.0074212 -0.0201177 0.0147805 0.0038992 0.0073412 -0.0036639 -0.0161450 -0.0035064 -0.0231875 0.0063194 -0.0251317 0.0121363 -0.0267779 -0.0485800 -0.0483172 -0.0107953 -0.0183031 -0.0209493 -0.0344878 -0.0595525 -0.0298771 -0.1242242 -0.1301794 -0.0305583 -0.0338708 -0.0221383 -0.0738383 -0.0444488 -0.1714670 -0.0487553 -0.0821260 -0.0634759 -0.0633655 -0.0313742 -0.1227116 -0.0408993 -0.1521871
0.0957736 0.1026601 0.0646122 0.8573726 0.0638890 0.0622279 0.0650922 0.0688495 0.0634241 0.0579874 0.0618909 0.0613489 0.0579899 0.0570259 0.0599141 0.0608380 -0.0522396 -0.0312557 -0.0264889 -0.0443363 -0.0522624 -0.0279452 -0.0412417 -0.0374362 0.0303698 0.0220425 0.0302720 0.0237866 0.0286866 0.0274051 0.0363805 0.0244411 0.0271130 0.0249686 0.0157037 0.0311832 0.0221194 0.0266621 0.0266973 0.0214324 0.0103028 0.0119007 0.0216567 0.0041441 0.0156486 0.0205528 0.0106386 0.0074523 -0.0598392 -0.0086952 -0.0203061 -0.0340258 -0.0220661 -0.0118517 -0.0118143 -0.0287976 -0.0381669 -0.0269315 0.0122130 -0.0115637 0.0132446 0.0057750 0.0081148 0.0013193 -0.0075191 0.0008666 -0.0236271 0.0086615 -0.0221217 0.0174058 -0.0244800 -0.0449955 -0.0463978 -0.0104175 -0.0197564 -0.0169938 -0.0307225 -0.0523716 -0.0284708 -0.1152929 -0.1181426 -0.0294835 -0.0293764 -0.0176487 -0.0691653 -0.0457656 -0.1620176 -0.0370345 -0.0769036 -0.0597013 -0.0602776 -0.0249601 -0.1154808 -0.0337749 -0.1410870
0.0677330 0.0679829 0.1092607 0.0638890 0.8559758 0.1177347 0.1223435 0.1174926 0.0689488 0.0640727 0.0641425 0.0666752 0.0669876 0.0650260 0.0609203 0.0640552 -0.0596463 -0.0331991 -0.0301443 -0.0471287 -0.0568562 -0.0250536 -0.0463240 -0.0439772 0.0347949 0.0256236 0.0332580 0.0214214 0.0259857 0.0291567 0.0406194 0.0259869 0.0308346 0.0282825 0.0122979 0.0370735 0.0229535 0.0260825 0.0310126 0.0248787 0.0148537 0.0134218 0.0157239 0.0051463 0.0149006 0.0221061 0.0103711 0.0059373 -0.0652048 -0.0100308 -0.0270719 -0.0330247 -0.0231628 -0.0077679 -0.0173198 -0.0327882 -0.0389830 -0.0307185 0.0091476 -0.0239696 0.0150029 0.0080114 0.0086114 -0.0031269 -0.0097836 0.0019281 -0.0236195 0.0054786 -0.0221553 0.0184223 -0.0257282 -0.0502772 -0.0526912 -0.0093677 -0.0177163 -0.0199047 -0.0331464 -0.0597492 -0.0308192 -0.1282641 -0.1328504 -0.0297902 -0.0359971 -0.0239862 -0.0718909 -0.0445637 -0.1727925 -0.0461196 -0.0825723 -0.0647399 -0.0649859 -0.0293134 -0.1268657 -0.0417062 -0.1512598
0.0649097 0.0666868 0.1044143 0.0622279 0.1177347 0.8463933 0.1155443 0.1126873 0.0683115 0.0629598 0.0627394 0.0661679 0.0642184 0.0616489 0.0612682 0.0655096 -0.0565877 -0.0327014 -0.0307747 -0.0458463 -0.0523019 -0.0242597 -0.0424919 -0.0417551 0.0325068 0.0255633 0.0321666 0.0241375 0.0285119 0.0292942 0.0354006 0.0230188 0.0314096 0.0276047 0.0107996 0.0327745 0.0174686 0.0220039 0.0208546 0.0229237 0.0128149 0.0126092 0.0169851 0.0041150 0.0152063 0.0231277 0.0109112 0.0005771 -0.0639710 -0.0130903 -0.0287103 -0.0321204 -0.0233149 -0.0099909 -0.0206070 -0.0291642 -0.0439600 -0.0319904 0.0069069 -0.0211161 0.0149528 0.0039605 0.0066544 -0.0016837 -0.0122917 0.0016430 -0.0245881 0.0011471 -0.0205360 0.0133977 -0.0284124 -0.0500605 -0.0509857 -0.0100911 -0.0212928 -0.0202516 -0.0313125 -0.0605740 -0.0290742 -0.1224059 -0.1291047 -0.0298569 -0.0339938 -0.0224435 -0.0705684 -0.0422178 -0.1671807 -0.0458780 -0.0774763 -0.0686017 -0.0685429 -0.0287127 -0.1197018 -0.0423853 -0.1436933
0.0682942 0.0707304 0.1260643 0.0650922 0.1223435 0.1155443 0.8407562 0.1248807 0.0694494 0.0701146 0.0678047 0.0725485 0.0685777 0.0675570 0.0625593 0.0669398 -0.0617648 -0.0329798 -0.0258887 -0.0416814 -0.0574598 -0.0251106 -0.0460239 -0.0452866 0.0309627 0.0255873 0.0323550 0.0227076 0.0256036 0.0302004 0.0368761 0.0252850 0.0315467 0.0293708 0.0152742 0.0369960 0.0185808 0.0242953 0.0269421 0.0279454 0.0128934 0.0130520 0.0148460 0.0020780 0.0118709 0.0216081 0.0073176 0.0026315 -0.0668917 -0.0126016 -0.0273359 -0.0382749 -0.0257221 -0.0112439 -0.0241089 -0.0325975 -0.0391519 -0.0320573 0.0048526 -0.0264232 0.0115749 0.0039607 0.0045798 -0.0013335 -0.0118967 0.0017552 -0.0230214 0.0040403 -0.0273266 0.0135457 -0.0308481 -0.0529723 -0.0519381 -0.0120618 -0.0199464 -0.0182304 -0.0334228 -0.0603354 -0.0323504 -0.1276658 -0.1333203 -0.0315270 -0.0346475 -0.0255624 -0.0748774 -0.0454608 -0.1767433 -0.0478175 -0.0861579 -0.0665438 -0.0686270 -0.0311030 -0.1282054 -0.0457684 -0.1578969
0.0707231 0.0710492 0.1089244 0.0688495 0.1174926 0.1126873 0.1248807 0.8498588 0.0727474 0.0687624 0.0677667 0.0759311 0.0662559 0.0672114 0.0675408 0.0669836 -0.0598047 -0.0352414 -0.0268657 -0.0454364 -0.0569237 -0.0267890 -0.0456257 -0.0503313 0.0319976 0.0294496 0.0332412 0.0243397 0.0263273 0.0268320 0.0391785 0.0261542 0.0325267 0.0291487 0.0148002 0.0386656 0.0223221 0.0247066 0.0279483 0.0262960 0.0154985 0.0122956 0.0170569 0.0048476 0.0134060 0.0272648 0.0106971 0.0066088 -0.0681335 -0.0108779 -0.0301061 -0.0323503 -0.0268057 -0.0099584 -0.0178212 -0.0334556 -0.0419110 -0.0356153 0.0075633 -0.0212238 0.0147877 0.0054760 0.0069296 -0.0036285 -0.0142801 0.0034279 -0.0261683 0.0039806 -0.0229393 0.0188903 -0.0282830 -0.0498265 -0.0512505 -0.0085841 -0.0208938 -0.0198386 -0.0319413 -0.0626187 -0.0334763 -0.1302453 -0.1347306 -0.0328551 -0.0352978 -0.0228273 -0.0723964 -0.0464200 -0.1785657 -0.0426422 -0.0839787 -0.0682820 -0.0691094 -0.0310604 -0.1292120 -0.0416276 -0.1533371
0.0640861 0.0656013 0.0683754 0.0634241 0.0689488 0.0683115 0.0694494 0.0727474 0.8723949 0.0985448 0.1067429 0.0992051 0.1013552 0.0966711 0.0678889 0.0707705 -0.0582202 -0.0332678 -0.0295143 -0.0440918 -0.0567308 -0.0309066 -0.0441963 -0.0428816 0.0360239 0.0275757 0.0333025 0.0267090 0.0284900 0.0322181 0.0400608 0.0284362 0.0303321 0.0278367 0.0129711 0.0372725 0.0242410 0.0262165 0.0257820 0.0241103 0.0135540 0.0109786 0.0167654 0.0089090 0.0185204 0.0261072 0.0142164 0.0099797 -0.0634868 -0.0099613 -0.0229508 -0.0372639 -0.0254296 -0.0106191 -0.0115498 -0.0320874 -0.0417142 -0.0269231 0.0095790 -0.0182259 0.0177709 0.0092924 0.0108548 -0.0005463 -0.0103244 0.0065721 -0.0224997 0.0100653 -0.0201458 0.0195264 -0.0258319 -0.0493451 -0.0443080 -0.0115916 -0.0193681 -0.0212105 -0.0389787 -0.0594465 -0.0290558 -0.1258693 -0.1292578 -0.0293787 -0.0380356 -0.0193933 -0.0749888 -0.0460450 -0.1713498 -0.0415758 -0.0827583 -0.0713332 -0.0695720 -0.0292523 -0.1284838 -0.0390121 -0.1537587
0.0604646 0.0644715 0.0668329 0.0579874 0.0640727 0.0629598 0.0701146 0.0687624 0.0985448 0.8527218 0.0999123 0.1049012 0.1156852 0.1028522 0.0648379 0.0679792 -0.0605050 -0.0315009 -0.0312378 -0.0421780 -0.0576733 -0.0270602 -0.0448073 -0.0429943 0.0296836 0.0270669 0.0295417 0.0234588 0.0237012 0.0275159 0.0318371 0.0239412 0.0288669 0.0273446 0.0120594 0.0372274 0.0199055 0.0247216 0.0287452 0.0243170 0.0076714 0.0089233 0.0156833 0.0071563 0.0158937 0.0222123 0.0091771 0.0087793 -0.0668696 -0.0093117 -0.0253911 -0.0332607 -0.0264412 -0.0082032 -0.0176165 -0.0295154 -0.0383132 -0.0292800 0.0061593 -0.0181260 0.0136042 0.0060050 0.0072188 -0.0052794 -0.0111298 0.0026557 -0.0250229 0.0072207 -0.0231693 0.0131436 -0.0285650 -0.0486738 -0.0462002 -0.0143296 -0.0221335 -0.0178270 -0.0340570 -0.0597706 -0.0309536 -0.1211356 -0.1246803 -0.0307320 -0.0348985 -0.0188991 -0.0746969 -0.0437455 -0.1672244 -0.0440178 -0.0798806 -0.0682516 -0.0691893 -0.0285508 -0.1227129 -0.0405375 -0.1490647
0.0611829 0.0656923 0.0630843 0.0618909 0.0641425 0.0627394 0.0678047 0.0677667 0.1067429 0.0999123 0.8722790 0.1138746 0.1037641 0.1014395 0.0692649 0.0686467 -0.0588057 -0.0352273 -0.0270868 -0.0458178 -0.0559179 -0.0291178 -0.0430575 -0.0461061 0.0330901 0.0252555 0.0314351 0.0280088 0.0283504 0.0279433 0.0374244 0.0251679 0.0314047 0.0272895 0.0144279 0.0379769 0.0250455 0.0249103 0.0289245 0.0243068 0.0139605 0.0105317 0.0169961 0.0073613 0.0157324 0.0261508 0.0099334 0.0082463 -0.0643063 -0.0111061 -0.0225298 -0.0342327 -0.0244963 -0.0092921 -0.0137845 -0.0329552 -0.0424917 -0.0254262 0.0114463 -0.0168812 0.0139866 0.0056403 0.0055164 -0.0005945 -0.0126740 0.0030115 -0.0218838 0.0076467 -0.0232687 0.0150802 -0.0257666 -0.0495703 -0.0464428 -0.0129853 -0.0193192 -0.0211560 -0.0363342 -0.0595101 -0.0324599 -0.1223648 -0.1256866 -0.0308592 -0.0328516 -0.0196817 -0.0742886 -0.0459696 -0.1681165 -0.0424951 -0.0854055 -0.0672809 -0.0665579 -0.0259940 -0.1275942 -0.0385357 -0.1530669
0.0687713 0.0686368 0.0669189 0.0613489 0.0666752 0.0661679 0.0725485 0.0759311 0.0992051 0.1049012 0.1138746 0.8606204 0.1076265 0.1022752 0.0658199 0.0714071 -0.0606824 -0.0309429 -0.0284987 -0.0451340 -0.0587551 -0.0268939 -0.0406523 -0.0443256 0.0294693 0.0233298 0.0290482 0.0223802 0.0250561 0.0287144 0.0348844 0.0233031 0.0287464 0.0280981 0.0142219 0.0384380 0.0229997 0.0233930 0.0261657 0.0196954 0.0130938 0.0086320 0.0205778 0.0045596 0.0192182 0.0219300 0.0120123 0.0057708 -0.0703187 -0.0118683 -0.0231506 -0.0344620 -0.0236886 -0.0065291 -0.0171425 -0.0339921 -0.0426106 -0.0240006 0.0098054 -0.0237694 0.0132995 0.0056597 0.0062304 -0.0057351 -0.0118207 0.0015184 -0.0210283 0.0053713 -0.0213483 0.0165614 -0.0253083 -0.0509556 -0.0483125 -0.0186272 -0.0245621 -0.0198377 -0.0379163 -0.0624268 -0.0281882 -0.1228300 -0.1262287 -0.0314415 -0.0364921 -0.0235791 -0.0777229 -0.0470280 -0.1676218 -0.0427226 -0.0841884 -0.0714535 -0.0702318 -0.0316131 -0.1241088 -0.0388175 -0.1547311
0.0578595 0.0640443 0.0669460 0.0579899 0.0669876 0.0642184 0.0685777 0.0662559 0.1013552 0.1156852 0.1037641 0.1076265 0.8560558 0.1102647 0.0682406 0.0696318 -0.0625680 -0.0317909 -0.0279038 -0.0454332 -0.0597013 -0.0250485 -0.0431583 -0.0444083 0.0313410 0.0233199 0.0341892 0.0237827 0.0266642 0.0278508 0.0366453 0.0249604 0.0309065 0.0279233 0.0102084 0.0375835 0.0240453 0.0260294 0.0278856 0.0212044 0.0082707 0.0074354 0.0139253 0.0102084 0.0148351 0.0208852 0.0129260 0.0049861 -0.0662300 -0.0100236 -0.0277137 -0.0295032 -0.0218157 -0.0134062 -0.0148764 -0.0327995 -0.0414396 -0.0286560 0.0108354 -0.0205797 0.0147689 0.0038846 0.0067781 -0.0090790 -0.0100753 0.0038716 -0.0246045 0.0045450 -0.0227775 0.0158264 -0.0274093 -0.0484984 -0.0494664 -0.0128725 -0.0215385 -0.0193112 -0.0356085 -0.0601260 -0.0285195 -0.1265116 -0.1267002 -0.0326446 -0.0374867 -0.0228229 -0.0773980 -0.0472089 -0.1693460 -0.0447610 -0.0835570 -0.0698753 -0.0702407 -0.0302330 -0.1258520 -0.0412495 -0.1514501
0.0580842 0.0610759 0.0636559 0.0570259 0.0650260 0.0616489 0.0675570 0.0672114 0.0966711 0.1028522 0.1014395 0.1022752 0.1102647 0.8553649 0.0668781 0.0606075 -0.0553322 -0.0286696 -0.0235496 -0.0452572 -0.0569265 -0.0240648 -0.0425954 -0.0404874 0.0318201 0.0210118 0.0289894 0.0238375 0.0260863 0.0261100 0.0318425 0.0231517 0.0249445 0.0270831 0.0128115 0.0363875 0.0233515 0.0227487 0.0232701 0.0255890 0.0114464 0.0087575 0.0173229 0.0077926 0.0143178 0.0247357 0.0109687 0.0087324 -0.0649280 -0.0113827 -0.0253711 -0.0367120 -0.0254913 -0.0138225 -0.0148207 -0.0287654 -0.0434289 -0.0289217 0.0087260 -0.0185644 0.0137494 0.0028644 0.0046736 -0.0023174 -0.0132581 0.0038706 -0.0225940 0.0074687 -0.0207129 0.0129182 -0.0269260 -0.0504109 -0.0465748 -0.0118613 -0.0208619 -0.0170713 -0.0331041 -0.0579060 -0.0299881 -0.1235830 -0.1220628 -0.0334025 -0.0333656 -0.0201353 -0.0771000 -0.0430753 -0.1667593 -0.0418547 -0.0849502 -0.0682406 -0.0678042 -0.0261895 -0.1246721 -0.0321476 -0.1494392
0.0611267 0.0598731 0.0678183 0.0599141 0.0609203 0.0612682 0.0625593 0.0675408 0.0678889 0.0648379 0.0692649 0.0658199 0.0682406 0.0668781 0.8520272 0.0658495 -0.0500572 -0.0281704 -0.0232919 -0.0441875 -0.0521998 -0.0194913 -0.0392461 -0.0398072 0.0285081 0.0236452 0.0323735 0.0232738 0.0251209 0.0283102 0.0375314 0.0219632 0.0279641 0.0251118 0.0158757 0.0325740 0.0205491 0.0267713 0.0254564 0.0258985 0.0056430 0.0112651 0.0147821 0.0079770 0.0153572 0.0244387 0.0066250 0.0089811 -0.0592328 -0.0076200 -0.0204711 -0.0322125 -0.0204959 -0.0075028 -0.0116941 -0.0272451 -0.0356350 -0.0222373 0.0117023 -0.0157371 0.0129205 0.0045750 0.0046838 -0.0062132 -0.0119314 -0.0034762 -0.0202576 0.0079286 -0.0239228 0.0142304 -0.0219580 -0.0436784 -0.0424896 -0.0156768 -0.0200849 -0.0202272 -0.0358765 -0.0529299 -0.0300459 -0.1114948 -0.1174883 -0.0250115 -0.0255033 -0.0177884 -0.0661603 -0.0406339 -0.1581538 -0.0398081 -0.0747841 -0.0620935 -0.0607847 -0.0278567 -0.1112107 -0.0371074 -0.1381932
0.0603814 0.0652176 0.0638892 0.0608380 0.0640552 0.0655096 0.0669398 0.0669836 0.0707705 0.0679792 0.0686467 0.0714071 0.0696318 0.0606075 0.0658495 0.8597318 -0.0579106 -0.0344040 -0.0289831 -0.0401448 -0.0516680 -0.0215946 -0.0412734 -0.0399934 0.0304810 0.0296350 0.0313580 0.0237514 0.0277269 0.0297568 0.0382165 0.0294971 0.0356013 0.0248097 0.0181633 0.0371037 0.0228418 0.0265407 0.0261710 0.0213722 0.0111416 0.0125125 0.0217686 0.0049594 0.0138068 0.0251392 0.0131573 0.0055378 -0.0595595 -0.0100817 -0.0199051 -0.0334553 -0.0222024 -0.0093051 -0.0169500 -0.0297646 -0.0382839 -0.0221546 0.0087754 -0.0147040 0.0151142 0.0056407 0.0068796 -0.0033671 -0.0077761 0.0023983 -0.0202284 0.0056836 -0.0244665 0.0144664 -0.0214499 -0.0463303 -0.0442165 -0.0085951 -0.0199420 -0.0148878 -0.0314009 -0.0570484 -0.0270682 -0.1128922 -0.1171871 -0.0262992 -0.0323298 -0.0191662 -0.0670587 -0.0441776 -0.1610661 -0.0390160 -0.0726329 -0.0648355 -0.0634423 -0.0253587 -0.0954598 -0.0410241 -0.1437387
-0.0489625 -0.0565307 -0.0560358 -0.0522396 -0.0596463 -0.0565877 -0.0617648 -0.0598047 -0.0582202 -0.0605050 -0.0588057 -0.0606824 -0.0625680 -0.0553322 -0.0500572 -0.0579106 1.0901288 0.0447876 0.0442784 0.0765056 0.0814530 0.0376152 0.0570326 0.0771772 -0.0494012 -0.0445756 -0.0496086 -0.0337474 -0.0485274 -0.0468463 -0.0606974 -0.0525231 -0.0567025 -0.0258088 -0.0241707 -0.0518872 -0.0325122 -0.0346766 -0.0444780 -0.0415069 -0.0159168 -0.0205202 -0.0394670 -0.0260592 -0.0335741 -0.0346403 -0.0191704 -0.0345068 0.0559333 -0.0144695 0.0052672 0.0215298 -0.0131742 -0.0019213 0.0069796 0.0128735 0.0296182 0.0081528 -0.0397517 -0.0018851 -0.0358553 -0.0375037 -0.0361026 -0.0212678 -0.0111928 -0.0190661 -0.0037417 -0.0330830 -0.0008636 -0.0342272 -0.0014626 0.0308083 0.0302371 -0.0017903 0.0023009 -0.0081569 0.0117082 0.0287129 0.0159792 0.1004985 0.1067693 0.0098623 0.0205833 -0.0016374 0.0575306 0.0177804 0.1566385 0.0231726 0.0665330 0.0229413 0.0242520 -0.0064155 0.1031522 0.0256824 0.1334386
-0.0288855 -0.0290436 -0.0355093 -0.0312557 -0.0331991 -0.0327014 -0.0329798 -0.0352414 -0.0332678 -0.0315009 -0.0352273 -0.0309429 -0.0317909 -0.0286696 -0.0281704 -0.0344040 0.0447876 1.0203197 0.0453065 0.0546752 0.0519339 0.0408905 0.0472667 0.0457899 -0.0312825 -0.0361194 -0.0348293 -0.0301365 -0.0292874 -0.0376015 -0.0422028 -0.0377152 -0.0370781 -0.0160079 -0.0273221 -0.0390587 -0.0269290 -0.0314922 -0.0349473 -0.0350856 -0.0143493 -0.0288781 -0.0252181 -0.0181947 -0.0172067 -0.0302288 -0.0234338 -0.0253695 0.0227601 -0.0146718 0.0016129 -0.0088021 -0.0120865 0.0004335 -0.0164526 0.0007665 0.0117539 0.0064855 -0.0280370 -0.0054525 -0.0339092 -0.0338551 -0.0328956 -0.0179523 -0.0084880 -0.0201848 -0.0055188 -0.0237277 -0.0137772 -0.0260777 -0.0091218 0.0148731 0.0131826 -0.0074274 -0.0046930 0.0059655 -0.0007236 0.0228771 0.0079051 0.0540535 0.0568230 0.0029992 0.0125269 -0.0073044 0.0302047 0.0185645 0.0965324 0.0012643 0.0313230 0.0143330 0.0160717 0.0022176 0.0675598 0.0009268 0.0879807
-0.0256603 -0.0265409 -0.0258886 -0.0264889 -0.0301443 -0.0307747 -0.0258887 -0.0268657 -0.0295143 -0.0312378 -0.0270868 -0.0284987 -0.0279038 -0.0235496 -0.0232919 -0.0289831 0.0442784 0.0453065 1.0135504 0.0515559 0.0573267 0.0367840 0.0408596 0.0426465 -0.0300326 -0.0248767 -0.0247299 -0.0281314 -0.0270377 -0.0352314 -0.0334586 -0.0322871 -0.0349012 -0.0136927 -0.0257374 -0.0261881 -0.0293778 -0.0301112 -0.0325033 -0.0274812 -0.0194026 -0.0228679 -0.0271501 -0.0180951 -0.0072073 -0.0237731 -0.0223558 -0.0193902 0.0273535 -0.0091747 0.0010700 -0.0063781 -0.0044619 -0.0046410 -0.0090074 0.0094077 -0.0001209 -0.0019477 -0.0273906 -0.0004642 -0.0330176 -0.0262433 -0.0263939 -0.0143578 -0.0126717 -0.0214734 -0.0070546 -0.0177563 -0.0212154 -0.0239530 -0.0143696 0.0014932 0.0042694 -0.0059129 -0.0060752 -0.0034860 0.0000339 0.0093439 0.0001707 0.0506492 0.0618925 -0.0037446 0.0119482 -0.0159126 0.0221293 0.0095862 0.0793751 0.0034882 0.0096591 0.0118468 0.0110509 -0.0013691 0.0566222 -0.0000332 0.0646963
-0.0415209 -0.0404495 -0.0471831 -0.0443363 -0.0471287 -0.0458463 -0.0416814 -0.0454364 -0.0440918 -0.0421780 -0.0458178 -0.0451340 -0.0454332 -0.0452572 -0.0441875 -0.0401448 0.0765056 0.0546752 0.0515559 1.0742384 0.0613114 0.0577625 0.0766276 0.0568769 -0.0402301 -0.0369273 -0.0426174 -0.0367707 -0.0427858 -0.0452494 -0.0529089 -0.0438135 -0.0453891 -0.0213887 -0.0301948 -0.0437541 -0.0241144 -0.0379560 -0.0389360 -0.0396685 -0.0310188 -0.0325008 -0.0382990 -0.0240760 -0.0248477 -0.0421737 -0.0351523 -0.0200764 0.0408386 -0.0046736 0.0094620 0.0135404 0.0055492 -0.0055278 -0.0097442 -0.0063837 0.0111841 0.0109514 -0.0333897 0.0051118 -0.0365787 -0.0344819 -0.0319511 -0.0249605 -0.0081577 -0.0246887 -0.0035032 -0.0196065 -0.0181522 -0.0265254 -0.0123980 0.0121331 0.0171397 0.0090123 0.0044668 -0.0125968 0.0023206 0.0215448 0.0016069 0.0780789 0.0621925 -0.0016573 -0.0062611 0.0029264 0.0245111 0.0120789 0.1310347 0.0173560 0.0501708 0.0301277 0.0316366 0.0061261 0.0890985 -0.0121023 0.1086983
-0.0480331 -0.0536653 -0.0560084 -0.0522624 -0.0568562 -0.0523019 -0.0574598 -0.0569237 -0.0567308 -0.0576733 -0.0559179 -0.0587551 -0.0597013 -0.0569265 -0.0521998 -0.0516680 0.0814530 0.0519339 0.0573267 0.0613114 1.1126022 0.0540010 0.0665873 0.0702011 -0.0477905 -0.0390467 -0.0397553 -0.0413459 -0.0456773 -0.0568907 -0.0525286 -0.0503522 -0.0551208 -0.0259320 -0.0335290 -0.0511002 -0.0452443 -0.0403766 -0.0464408 -0.0402034 -0.0203167 -0.0310205 -0.0421284 -0.0267478 -0.0262792 -0.0403521 -0.0280722 -0.0395290 0.0568725 -0.0059972 0.0033364 0.0256584 0.0052405 -0.0130304 -0.0148932 0.0090606 0.0196823 -0.0003431 -0.0441688 -0.0068404 -0.0426234 -0.0324593 -0.0312701 -0.0157764 -0.0111339 -0.0282711 -0.0017919 -0.0406051 -0.0078555 -0.0318657 0.0017253 0.0285603 0.0253160 -0.0010752 0.0037280 -0.0165391 0.0122613 0.0474127 0.0045410 0.0959726 0.1016089 0.0032689 0.0113874 0.0069525 0.0439691 0.0125294 0.1599499 0.0236226 0.0670395 0.0319014 0.0313988 0.0122142 0.1117649 0.0271911 0.1301075
-0.0203821 -0.0239645 -0.0268732 -0.0279452 -0.0250536 -0.0242597 -0.0251106 -0.0267890 -0.0309066 -0.0270602 -0.0291178 -0.0268939 -0.0250485 -0.0240648 -0.0194913 -0.0215946 0.0376152 0.0408905 0.0367840 0.0577625 0.0540010 1.0248853 0.0502675 0.0567463 -0.0362384 -0.0229151 -0.0314154 -0.0219524 -0.0354804 -0.0390252 -0.0387348 -0.0342486 -0.0373270 -0.0139401 -0.0217621 -0.0303050 -0.0294386 -0.0248258 -0.0367899 -0.0284140 -0.0239819 -0.0311183 -0.0279843 -0.0192095 -0.0203714 -0.0333866 -0.0267318 -0.0226153 0.0284020 -0.0153814 0.0050095 0.0076497 0.0063010 -0.0102397 -0.0192158 -0.0051921 -0.0015708 0.0070546 -0.0200349 0.0016971 -0.0368986 -0.0233528 -0.0224499 -0.0221654 -0.0231800 -0.0231721 -0.0120987 -0.0229423 -0.0169705 -0.0217133 -0.0180036 0.0035630 0.0047810 -0.0057239 -0.0051630 -0.0103491 -0.0000268 0.0262131 0.0199908 0.0506262 0.0431897 -0.0086667 -0.0051137 0.0010891 0.0153342 0.0083911 0.0791247 0.0049003 0.0212901 0.0152555 0.0166633 -0.0014932 0.0573952 -0.0048196 0.0686507
-0.0404306 -0.0408189 -0.0445465 -0.0412417 -0.0463240 -0.0424919 -0.0460239 -0.0456257 -0.0441963 -0.0448073 -0.0430575 -0.0406523 -0.0431583 -0.0425954 -0.0392461 -0.0412734 0.0570326 0.0472667 0.0408596 0.0766276 0.0665873 0.0502675 1.0563864 0.0606250 -0.0416662 -0.0395210 -0.0417348 -0.0366862 -0.0399987 -0.0443909 -0.0416797 -0.0384806 -0.0430217 -0.0201996 -0.0301996 -0.0473600 -0.0388670 -0.0348656 -0.0451305 -0.0375951 -0.0181791 -0.0267913 -0.0329395 -0.0194783 -0.0272291 -0.0331232 -0.0288701 -0.0252319 0.0322482 -0.0053301 0.0116351 0.0132666 0.0005822 -0.0048298 -0.0119397 0.0056328 0.0043067 0.0243083 -0.0241247 0.0011110 -0.0397697 -0.0283858 -0.0281814 -0.0266411 -0.0165994 -0.0183314 -0.0070362 -0.0256027 -0.0111992 -0.0260991 -0.0125555 0.0172183 0.0095186 0.0058619 -0.0048100 -0.0124132 0.0086462 0.0224944 0.0120190 0.0834448 0.0734153 0.0026904 0.0050650 0.0066402 0.0388513 0.0158604 0.1195257 0.0258665 0.0526255 0.0220696 0.0232789 0.0017791 0.0835844 0.0045376 0.1112623
-0.0328695 -0.0433480 -0.0446129 -0.0374362 -0.0439772 -0.0417551 -0.0452866 -0.0503313 -0.0428816 -0.0429943 -0.0461061 -0.0443256 -0.0444083 -0.0404874 -0.0398072 -0.0399934 0.0771772 0.0457899 0.0426465 0.0568769 0.0702011 0.0567463 0.0606250 1.0565079 -0.0379351 -0.0262420 -0.0401921 -0.0278130 -0.0357009 -0.0415471 -0.0470989 -0.0326925 -0.0495173 -0.0200848 -0.0337313 -0.0401536 -0.0312629 -0.0309270 -0.0382980 -0.0379025 -0.0161602 -0.0284281 -0.0334478 -0.0200736 -0.0183242 -0.0317626 -0.0205900 -0.0343408 0.0290353 -0.0106828 0.0101649 0.0196913 -0.0080346 -0.0040693 -0.0002943 0.0013486 0.0127610 0.0064786 -0.0323345 -0.0121248 -0.0322836 -0.0282193 -0.0278588 -0.0273624 -0.0151168 -0.0267265 -0.0072238 -0.0337000 -0.0070193 -0.0202260 -0.0044760 0.0211517 0.0203610 -0.0072480 -0.0050280 -0.0044239 0.0074714 0.0298180 -0.0004487 0.0730778 0.0631136 -0.0021673 0.0036442 -0.0065388 0.0422270 0.0073831 0.1194887 0.0074735 0.0323293 0.0298146 0.0291690 -0.0029744 0.0775959 0.0091065 0.0976601
0.0299024 0.0303146 0.0295586 0.0303698 0.0347949 0.0325068 0.0309627 0.0319976 0.0360239 0.0296836 0.0330901 0.0294693 0.0313410 0.0318201 0.0285081 0.0304810 -0.0494012 -0.0312825 -0.0300326 -0.0402301 -0.0477905 -0.0362384 -0.0416662 -0.0379351 0.8439167 0.0229150 0.0306186 0.0429860 0.0569797 0.0675724 0.0673969 0.0438046 0.0260936 0.0181313 0.0148545 0.0286518 0.0162146 0.0185049 0.0140935 0.0221786 0.0044114 0.0087151 0.0153540 0.0053570 0.0132823 0.0210632 0.0062339 0.0038200 -0.0457108 -0.0119789 -0.0214461 -0.0232492 -0.0211608 -0.0075055 -0.0156309 -0.0176352 -0.0239801 -0.0229849 0.0068774 -0.0126878 0.0061568 -0.0016314 0.0002439 0.0027433 -0.0059117 0.0061193 -0.0134500 0.0016554 -0.0062302 0.0167393 -0.0139328 -0.0322203 -0.0350955 -0.0117385 -0.0167685 -0.0079560 -0.0256459 -0.0386433 -0.0264378 -0.0786642 -0.0928003 -0.0167427 -0.0153575 -0.0095942 -0.0525556 -0.0308657 -0.1230168 -0.0244519 -0.0571520 -0.0467427 -0.0480362 -0.0153920 -0.0907890 -0.0225185 -0.1093795
0.0248633 0.0221119 0.0233034 0.0220425 0.0256236 0.0255633 0.0255873 0.0294496 0.0275757 0.0270669 0.0252555 0.0233298 0.0233199 0.0210118 0.0236452 0.0296350 -0.0445756 -0.0361194 -0.0248767 -0.0369273 -0.0390467 -0.0229151 -0.0395210 -0.0262420 0.0229150 0.8553931 0.0636315 0.0129229 0.0313716 0.0202775 0.0316501 0.0215415 0.0230135 0.0154491 0.0065965 0.0266114 0.0132688 0.0144526 0.0163535 0.0211278 0.0028699 0.0103486 0.0095606 -0.0012671 0.0054374 0.0183822 0.0078782 -0.0018789 -0.0377752 -0.0028888 -0.0118797 -0.0199499 -0.0060733 -0.0008390 -0.0005049 -0.0202158 -0.0198833 -0.0150054 0.0086774 -0.0069018 0.0198509 0.0085036 0.0090978 -0.0008885 -0.0036725 0.0024621 -0.0162783 -0.0011529 -0.0161565 0.0065376 -0.0158681 -0.0305248 -0.0204281 -0.0077691 -0.0080337 -0.0134368 -0.0189770 -0.0387056 -0.0163443 -0.0627004 -0.0719420 -0.0093656 -0.0201646 -0.0066187 -0.0390429 -0.0178992 -0.1148373 -0.0202348 -0.0472419 -0.0397993 -0.0379988 -0.0101048 -0.0709341 -0.0252020 -0.0925685
0.0271092 0.0282446 0.0331085 0.0302720 0.0332580 0.0321666 0.0323550 0.0332412 0.0333025 0.0295417 0.0314351 0.0290482 0.0341892 0.0289894 0.0323735 0.0313580 -0.0496086 -0.0348293 -0.0247299 -0.0426174 -0.0397553 -0.0314154 -0.0417348 -0.0401921 0.0306186 0.0636315 0.8518355 0.0233201 0.0280332 0.0317085 0.0327797 0.0310631 0.0255034 0.0172608 0.0116012 0.0218727 0.0187062 0.0145653 0.0184639 0.0246891 0.0038433 0.0120865 0.0138284 0.0066406 0.0092744 0.0141879 0.0088897 0.0044494 -0.0454780 -0.0069833 -0.0238289 -0.0179637 -0.0175893 -0.0099510 -0.0107987 -0.0242480 -0.0239114 -0.0122370 0.0052048 -0.0015384 0.0138924 0.0057638 0.0046434 0.0096082 0.0003748 -0.0023444 -0.0117339 0.0021214 -0.0102643 0.0137955 -0.0088102 -0.0338884 -0.0336975 -0.0080071 -0.0089396 -0.0074957 -0.0235898 -0.0392718 -0.0209048 -0.0827169 -0.0890387 -0.0139122 -0.0161519 -0.0105596 -0.0426259 -0.0253759 -0.1199639 -0.0279114 -0.0508761 -0.0466252 -0.0455164 -0.0138144 -0.0830322 -0.0201641 -0.1006147
0.0151109 0.0205796 0.0237089 0.0237866 0.0214214 0.0241375 0.0227076 0.0243397 0.0267090 0.0234588 0.0280088 0.0223802 0.0237827 0.0238375 0.0232738 0.0237514 -0.0337474 -0.0301365 -0.0281314 -0.0367707 -0.0413459 -0.0219524 -0.0366862 -0.0278130 0.0429860 0.0129229 0.0233201 0.8648140 0.0571897 0.0378527 0.0337006 0.0462854 0.0081204 0.0141145 0.0032756 0.0198712 0.0162485 0.0120579 0.0142849 0.0044836 0.0154746 0.0099173 0.0116214 0.0025840 0.0044781 0.0239341 0.0229659 0.0048701 -0.0419566 -0.0122236 -0.0061843 -0.0137262 -0.0081833 0.0080212 -0.0046139 -0.0268880 -0.0166488 -0.0187135 0.0074087 -0.0114621 0.0106250 0.0060561 0.0045224 0.0015996 -0.0047662 -0.0016813 -0.0221909 0.0047493 -0.0123521 0.0118164 -0.0133655 -0.0218018 -0.0141712 -0.0114552 -0.0143417 -0.0080103 -0.0212942 -0.0370318 -0.0213372 -0.0696105 -0.0692384 -0.0150285 -0.0159550 -0.0124070 -0.0441449 -0.0233440 -0.1001745 -0.0236747 -0.0577041 -0.0439698 -0.0430747 -0.0220140 -0.0770327 -0.0228752 -0.0889194
0.0240285 0.0257346 0.0246893 0.0286866 0.0259857 0.0285119 0.0256036 0.0263273 0.0284900 0.0237012 0.0283504 0.0250561 0.0266642 0.0260863 0.0251209 0.0277269 -0.0485274 -0.0292874 -0.0270377 -0.0427858 -0.0456773 -0.0354804 -0.0399987 -0.0357009 0.0569797 0.0313716 0.0280332 0.0571897 0.8593131 0.0490907 0.0429820 0.0591957 0.0162204 0.0159744 0.0063776 0.0205543 0.0136322 0.0180657 0.0171827 0.0120363 0.0085970 -0.0007881 0.0115348 0.0014101 0.0051307 0.0152249 0.0052687 0.0004298 -0.0293471 -0.0105607 -0.0128312 -0.0294969 -0.0074073 0.0029455 -0.0097053 -0.0219525 -0.0190439 -0.0115489 0.0079598 -0.0094806 0.0162220 0.0080607 0.0091795 0.0080828 -0.0061025 0.0023032 -0.0184954 0.0000996 -0.0164500 0.0142618 -0.0133689 -0.0254308 -0.0260656 -0.0089331 -0.0147382 -0.0103993 -0.0199282 -0.0398764 -0.0168365 -0.0703080 -0.0744932 -0.0122957 -0.0216383 -0.0088104 -0.0460510 -0.0328178 -0.1130611 -0.0298596 -0.0492911 -0.0419487 -0.0429349 -0.0198767 -0.0810852 -0.0255892 -0.0951191
0.0220653 0.0282901 0.0297369 0.0274051 0.0291567 0.0292942 0.0302004 0.0268320 0.0322181 0.0275159 0.0279433 0.0287144 0.0278508 0.0261100 0.0283102 0.0297568 -0.0468463 -0.0376015 -0.0352314 -0.0452494 -0.0568907 -0.0390252 -0.0443909 -0.0415471 0.0675724 0.0202775 0.0317085 0.0378527 0.0490907 0.8572490 0.0622822 0.0431136 0.0131034 0.0167931 0.0112609 0.0234838 0.0178468 0.0273994 0.0137730 0.0230513 0.0036999 0.0100617 0.0187006 0.0066737 0.0110345 0.0168881 0.0123295 0.0126160 -0.0424577 -0.0123318 -0.0194575 -0.0177161 -0.0115082 -0.0035790 -0.0021212 -0.0230220 -0.0267973 -0.0181430 0.0027199 -0.0123560 0.0181015 0.0097050 0.0093788 0.0110744 -0.0077072 0.0046019 -0.0136149 0.0128460 -0.0038352 0.0196234 -0.0087151 -0.0330018 -0.0237377 -0.0158827 -0.0198345 0.0022883 -0.0265847 -0.0387285 -0.0229036 -0.0803360 -0.0824301 -0.0099263 -0.0144854 -0.0148906 -0.0435916 -0.0243954 -0.1225905 -0.0254866 -0.0569773 -0.0461070 -0.0453634 -0.0189451 -0.0852798 -0.0228581 -0.1057491
0.0322493 0.0328249 0.0385739 0.0363805 0.0406194 0.0354006 0.0368761 0.0391785 0.0400608 0.0318371 0.0374244 0.0348844 0.0366453 0.0318425 0.0375314 0.0382165 -0.0606974 -0.0422028 -0.0334586 -0.0529089 -0.0525286 -0.0387348 -0.0416797 -0.0470989 0.0673969 0.0316501 0.0327797 0.0337006 0.0429820 0.0622822 0.8430805 0.0407575 0.0236182 0.0208983 0.0130814 0.0338926 0.0236630 0.0251334 0.0264116 0.0248664 0.0080595 0.0094764 0.0232623 0.0078628 0.0154960 0.0276832 0.0116841 0.0109312 -0.0568823 -0.0049563 -0.0191472 -0.0160564 -0.0124536 -0.0036502 -0.0058429 -0.0201402 -0.0320732 -0.0224661 0.0193226 -0.0109976 0.0136086 0.0057827 0.0066429 0.0007984 -0.0033481 0.0029177 -0.0178227 0.0107825 -0.0081998 0.0249806 -0.0133577 -0.0390474 -0.0302596 -0.0079673 -0.0113957 -0.0111514 -0.0266307 -0.0457927 -0.0262222 -0.0900155 -0.0996665 -0.0178582 -0.0229531 -0.0083298 -0.0574044 -0.0330197 -0.1355088 -0.0292998 -0.0626854 -0.0482507 -0.0490212 -0.0193889 -0.1042248 -0.0178467 -0.1215052
0.0232535 0.0256850 0.0210874 0.0244411 0.0259869 0.0230188 0.0252850 0.0261542 0.0284362 0.0239412 0.0251679 0.0233031 0.0249604 0.0231517 0.0219632 0.0294971 -0.0525231 -0.0377152 -0.0322871 -0.0438135 -0.0503522 -0.0342486 -0.0384806 -0.0326925 0.0438046 0.0215415 0.0310631 0.0462854 0.0591957 0.0431136 0.0407575 0.8634360 0.0222068 0.0149325 0.0025332 0.0253861 0.0155666 0.0174568 0.0190554 0.0116463 0.0022892 0.0060558 0.0098661 0.0048251 0.0057368 0.0198066 0.0085354 0.0009422 -0.0406746 -0.0073901 -0.0187708 -0.0144096 -0.0160883 0.0023944 -0.0058227 -0.0171212 -0.0213732 -0.0096928 0.0022456 -0.0044214 0.0142539 0.0142298 0.0138889 -0.0001662 -0.0069290 0.0002658 -0.0060977 0.0012159 -0.0072014 0.0124523 -0.0017233 -0.0250355 -0.0240562 -0.0133457 -0.0177431 0.0023113 -0.0170878 -0.0353898 -0.0246366 -0.0647640 -0.0726738 -0.0130840 -0.0222511 -0.0133230 -0.0412252 -0.0287226 -0.1034127 -0.0297948 -0.0438075 -0.0495433 -0.0504429 -0.0184648 -0.0720380 -0.0137129 -0.0907013
0.0249558 0.0247498 0.0327266 0.0271130 0.0308346 0.0314096 0.0315467 0.0325267 0.0303321 0.0288669 0.0314047 0.0287464 0.0309065 0.0249445 0.0279641 0.0356013 -0.0567025 -0.0370781 -0.0349012 -0.0453891 -0.0551208 -0.0373270 -0.0430217 -0.0495173 0.0260936 0.0230135 0.0255034 0.0081204 0.0162204 0.0131034 0.0236182 0.0222068 0.8380703 0.0171609 0.0188218 0.0372803 0.0193285 0.0297735 0.0308975 0.0315007 0.0082786 0.0149105 0.0212845 0.0081581 0.0147467 0.0152183 0.0055823 0.0128588 -0.0426708 0.0025598 -0.0145570 -0.0233146 -0.0107484 -0.0035842 -0.0073680 -0.0189606 -0.0212477 -0.0174973 0.0185304 -0.0135870 0.0144204 0.0096170 0.0099734 0.0075148 -0.0003002 0.0049698 -0.0088945 0.0100030 -0.0093893 0.0165346 -0.0098849 -0.0294566 -0.0297568 -0.0053455 -0.0111626 -0.0079331 -0.0219198 -0.0378246 -0.0230323 -0.0767107 -0.0774807 -0.0162438 -0.0178288 -0.0101185 -0.0450562 -0.0199360 -0.1254983 -0.0203165 -0.0506199 -0.0385815 -0.0404643 -0.0172848 -0.0909170 -0.0259186 -0.0944994
0.0247807 0.0258795 0.0281431 0.0249686 0.0282825 0.0276047 0.0293708 0.0291487 0.0278367 0.0273446 0.0272895 0.0280981 0.0279233 0.0270831 0.0251118 0.0248097 -0.0258088 -0.0160079 -0.0136927 -0.0213887 -0.0259320 -0.0139401 -0.0201996 -0.0200848 0.0181313 0.0154491 0.0172608 0.0141145 0.0159744 0.0167931 0.0208983 0.0149325 0.0171609 0.9551906 0.0100201 0.0189365 0.0136110 0.0145869 0.0154181 0.0145952 0.0080194 0.0084716 0.0124245 0.0053796 0.0088975 0.0132716 0.0085411 0.0085732 -0.0259778 -0.0014957 -0.0068877 -0.0110452 -0.0055018 -0.0007031 -0.0025142 -0.0110321 -0.0138350 -0.0086889 0.0105708 -0.0043303 0.0123051 0.0084777 0.0088493 0.0031200 0.0000256 0.0047745 -0.0063770 0.0087108 -0.0050096 0.0108105 -0.0065064 -0.0177724 -0.0166712 -0.0021614 -0.0048436 -0.0039297 -0.0111672 -0.0229417 -0.0098766 -0.0513818 -0.0541823 -0.0082399 -0.0109950 -0.0035789 -0.0277897 -0.0157295 -0.0756993 -0.0138765 -0.0326812 -0.0253502 -0.0252060 -0.0088779 -0.0521914 -0.0132960 -0.0644925
0.0116071 0.0143773 0.0147778 0.0157037 0.0122979 0.0107996 0.0152742 0.0148002 0.0129711 0.0120594 0.0144279 0.0142219 0.0102084 0.0128115 0.0158757 0.0181633 -0.0241707 -0.0273221 -0.0257374 -0.0301948 -0.0335290 -0.0217621 -0.0301996 -0.0337313 0.0148545 0.0065965 0.0116012 0.0032756 0.0063776 0.0112609 0.0130814 0.0025332 0.0188218 0.0100201 0.8797948 0.0189548 0.0149766 0.0138073 0.0074064 0.0145194 -0.0018353 -0.0018728 0.0126204 -0.0086981 0.0026354 0.0017907 0.0012519 0.0020982 -0.0233269 -0.0065039 -0.0063387 -0.0167883 -0.0055773 -0.0022573 -0.0065244 -0.0135920 -0.0052635 -0.0014176 0.0052484 -0.0025735 0.0045475 -0.0017504 -0.0019585 0.0015177 -0.0054115 0.0013242 -0.0112453 0.0031138 -0.0078265 0.0117139 -0.0061511 -0.0151866 -0.0224765 -0.0060747 -0.0102799 -0.0046536 -0.0071079 -0.0181062 -0.0047634 -0.0491469 -0.0496231 -0.0064012 -0.0027490 -0.0006849 -0.0206617 -0.0154069 -0.0733087 -0.0171304 -0.0231010 -0.0289393 -0.0293671 -0.0087065 -0.0541610 -0.0082977 -0.0582307
0.0302607 0.0318060 0.0376953 0.0311832 0.0370735 0.0327745 0.0369960 0.0386656 0.0372725 0.0372274 0.0379769 0.0384380 0.0375835 0.0363875 0.0325740 0.0371037 -0.0518872 -0.0390587 -0.0261881 -0.0437541 -0.0511002 -0.0303050 -0.0473600 -0.0401536 0.0286518 0.0266114 0.0218727 0.0198712 0.0205543 0.0234838 0.0338926 0.0253861 0.0372803 0.0189365 0.0189548 0.8507475 0.0281489 0.0249766 0.0298470 0.0264996 0.0089870 0.0099512 0.0220779 0.0048695 0.0109802 0.0182391 0.0126129 0.0048171 -0.0412583 -0.0021626 -0.0145307 -0.0233368 -0.0067248 -0.0028874 -0.0106788 -0.0102468 -0.0275222 -0.0195932 0.0178692 -0.0128682 0.0174323 0.0146000 0.0136910 0.0027565 0.0040710 0.0109437 -0.0134068 0.0068527 -0.0086228 0.0228670 -0.0157581 -0.0289238 -0.0271538 -0.0103492 -0.0100539 -0.0084788 -0.0222504 -0.0382767 -0.0209033 -0.0903718 -0.0916027 -0.0131623 -0.0175042 -0.0111902 -0.0485817 -0.0329775 -0.1297075 -0.0260690 -0.0604813 -0.0482020 -0.0483617 -0.0194223 -0.0956357 -0.0289534 -0.1150739
0.0211547 0.0195765 0.0241996 0.0221194 0.0229535 0.0174686 0.0185808 0.0223221 0.0242410 0.0199055 0.0250455 0.0229997 0.0240453 0.0233515 0.0205491 0.0228418 -0.0325122 -0.0269290 -0.0293778 -0.0241144 -0.0452443 -0.0294386 -0.0388670 -0.0312629 0.0162146 0.0132688 0.0187062 0.0162485 0.0136322 0.0178468 0.0236630 0.0155666 0.0193285 0.0136110 0.0149766 0.0281489 0.8612384 0.0176685 0.0256675 0.0190175 -0.0014630 0.0002085 0.0128528 -0.0018410 0.0108502 0.0090839 0.0001895 0.0025708 -0.0332362 -0.0063322 -0.0119314 -0.0107808 -0.0114702 -0.0003760 -0.0006032 -0.0234335 -0.0218663 -0.0142472 0.0139337 -0.0052128 0.0078668 0.0030266 0.0042477 -0.0012696 0.0051537 0.0016674 -0.0088861 0.0033123 -0.0057691 0.0184335 -0.0101118 -0.0196804 -0.0204876 -0.0051180 -0.0050599 -0.0046721 -0.0141966 -0.0339461 -0.0191260 -0.0786671 -0.0803008 -0.0134131 -0.0202514 -0.0035292 -0.0313294 -0.0254848 -0.0993467 -0.0132374 -0.0358486 -0.0357108 -0.0352480 -0.0136502 -0.0746209 -0.0159450 -0.0852805
0.0218848 0.0252963 0.0224508 0.0266621 0.0260825 0.0220039 0.0242953 0.0247066 0.0262165 0.0247216 0.0249103 0.0233930 0.0260294 0.0227487 0.0267713 0.0265407 -0.0346766 -0.0314922 -0.0301112 -0.0379560 -0.0403766 -0.0248258 -0.0348656 -0.0309270 0.0185049 0.0144526 0.0145653 0.0120579 0.0180657 0.0273994 0.0251334 0.0174568 0.0297735 0.0145869 0.0138073 0.0249766 0.0176685 0.8692220 0.0229137 0.0261837 0.0025674 0.0113261 0.0209794 0.0037311 0.0062519 0.0143951 0.0094085 0.0037945 -0.0358618 -0.0010310 -0.0098447 -0.0115513 -0.0092579 -0.0054365 -0.0007685 -0.0154660 -0.0221101 -0.0117594 0.0107065 -0.0148722 0.0112326 0.0053448 0.0054477 0.0017944 -0.0050077 0.0069111 -0.0079987 0.0036674 -0.0025340 0.0202037 -0.0105672 -0.0306142 -0.0203338 -0.0038665 -0.0093981 -0.0110736 -0.0197714 -0.0229991 -0.0141174 -0.0709836 -0.0838893 -0.0107920 -0.0191577 -0.0015542 -0.0331701 -0.0289831 -0.1016362 -0.0190397 -0.0406605 -0.0287712 -0.0294065 -0.0188158 -0.0771258 -0.0201868 -0.0888769
0.0246505 0.0241438 0.0277674 0.0266973 0.0310126 0.0208546 0.0269421 0.0279483 0.0257820 0.0287452 0.0289245 0.0261657 0.0278856 0.0232701 0.0254564 0.0261710 -0.0444780 -0.0349473 -0.0325033 -0.0389360 -0.0464408 -0.0367899 -0.0451305 -0.0382980 0.0140935 0.0163535 0.0184639 0.0142849 0.0171827 0.0137730 0.0264116 0.0190554 0.0308975 0.0154181 0.0074064 0.0298470 0.0256675 0.0229137 0.8481733 0.0228211 0.0023036 0.0041595 0.0124709 0.0088672 0.0052807 0.0228160 0.0074614 0.0116591 -0.0457976 -0.0001127 -0.0102136 -0.0090199 -0.0114275 -0.0034856 0.0032622 -0.0134154 -0.0169267 -0.0213429 0.0123049 -0.0174575 0.0152396 0.0066655 0.0059917 0.0073983 0.0022599 0.0046030 -0.0143200 0.0096686 -0.0113114 0.0065225 -0.0151206 -0.0298511 -0.0291036 -0.0058526 -0.0080209 -0.0107843 -0.0105354 -0.0378400 -0.0141394 -0.0652111 -0.0731069 -0.0175701 -0.0238255 -0.0017515 -0.0453838 -0.0212659 -0.1159202 -0.0242233 -0.0527754 -0.0322581 -0.0332693 -0.0122471 -0.0823384 -0.0281680 -0.0871451
